0.0150941
0.00885119
0.00642581
0.00496469
0.00397935
0.00326219
0.00271028
0.00226907
0.00190786
0.00160797
0.00135697
0.00114597
0.000968151
0.000818099
0.000691384
0.000584333
0.000493875
0.000417429
0.00035282
0.000298213
0.000252059
0.000213049
0.000180077
0.000152207
0.000128651
0.000108741
9.19121e-05
7.76877e-05
6.56647e-05
5.55024e-05
4.69128e-05
3.96525e-05
3.35159e-05
2.8329e-05
2.39448e-05
2.02391e-05
1.71069e-05
1.44594e-05
1.22217e-05
1.03302e-05
8.73152e-06
7.38023e-06
6.23806e-06
5.27266e-06
4.45666e-06
3.76695e-06
3.18397e-06
2.69122e-06
2.27473e-06
1.92269e-06
