0.000349931
9.11867e-05
6.14199e-05
4.57687e-05
3.58747e-05
2.94913e-05
2.51123e-05
2.18571e-05
1.92516e-05
1.70534e-05
1.51407e-05
1.34505e-05
1.19466e-05
1.06056e-05
9.40993e-06
8.34469e-06
7.39673e-06
6.55404e-06
5.80565e-06
5.14153e-06
4.55258e-06
4.03053e-06
3.56798e-06
3.15827e-06
2.79543e-06
2.47417e-06
2.18975e-06
1.93798e-06
1.71512e-06
1.51787e-06
1.34329e-06
1.18878e-06
1.05203e-06
9.31015e-07
8.23914e-07
7.29132e-07
6.45252e-07
5.71021e-07
5.05329e-07
4.47194e-07
3.95747e-07
3.50219e-07
3.09928e-07
2.74272e-07
2.42719e-07
2.14795e-07
1.90084e-07
1.68215e-07
1.48863e-07
1.31737e-07
