16
53
54
55
56
57
58
59
60
61
62
63
64
101
102
103
104
52
1
2
3
4
5
6
7
8
9
10
11
12
13
14
15
16
57
58
59
60
77
78
79
80
81
82
83
84
85
86
87
88
105
106
107
108
109
110
111
112
113
114
115
116
117
118
119
120
121
122
123
124
28
5
6
7
8
37
38
39
40
45
46
47
48
49
50
51
52
65
66
67
68
69
70
71
72
73
74
75
76
52
21
22
23
24
33
34
35
36
41
42
43
44
77
78
79
80
89
90
91
92
93
94
95
96
97
98
99
100
117
118
119
120
125
126
127
128
129
130
131
132
145
146
147
148
149
150
151
152
153
154
155
156
40
17
18
19
20
25
26
27
28
29
30
31
32
185
186
187
188
189
190
191
192
193
194
195
196
197
198
199
200
229
230
231
232
233
234
235
236
237
238
239
240
64
37
38
39
40
133
134
135
136
137
138
139
140
141
142
143
144
145
146
147
148
157
158
159
160
161
162
163
164
165
166
167
168
169
170
171
172
173
174
175
176
213
214
215
216
217
218
219
220
221
222
223
224
241
242
243
244
245
246
247
248
249
250
251
252
28
17
18
19
20
25
26
27
28
29
30
31
32
229
230
231
232
253
254
255
256
257
258
259
260
261
262
263
264
96
1
2
3
4
5
6
7
8
9
10
11
12
13
14
15
16
37
38
39
40
45
46
47
48
49
50
51
52
65
66
67
68
69
70
71
72
73
74
75
76
77
78
79
80
81
82
83
84
85
86
87
88
89
90
91
92
93
94
95
96
97
98
99
100
133
134
135
136
137
138
139
140
141
142
143
144
145
146
147
148
149
150
151
152
153
154
155
156
157
158
159
160
161
162
163
164
84
25
26
27
28
165
166
167
168
177
178
179
180
185
186
187
188
189
190
191
192
193
194
195
196
197
198
199
200
201
202
203
204
205
206
207
208
209
210
211
212
213
214
215
216
217
218
219
220
221
222
223
224
225
226
227
228
233
234
235
236
237
238
239
240
241
242
243
244
245
246
247
248
249
250
251
252
253
254
255
256
265
266
267
268
52
21
22
23
24
33
34
35
36
41
42
43
44
149
150
151
152
169
170
171
172
177
178
179
180
181
182
183
184
189
190
191
192
201
202
203
204
205
206
207
208
209
210
211
212
213
214
215
216
225
226
227
228
52
53
54
55
56
57
58
59
60
61
62
63
64
81
82
83
84
89
90
91
92
101
102
103
104
105
106
107
108
109
110
111
112
113
114
115
116
117
118
119
120
121
122
123
124
125
126
127
128
129
130
131
132
28
1
2
3
4
5
6
7
8
9
10
11
12
13
14
15
16
65
66
67
68
69
70
71
72
73
74
75
76
48
9
10
11
12
77
78
79
80
81
82
83
84
85
86
87
88
89
90
91
92
93
94
95
96
97
98
99
100
109
110
111
112
117
118
119
120
121
122
123
124
125
126
127
128
129
130
131
132
28
37
38
39
40
45
46
47
48
49
50
51
52
69
70
71
72
133
134
135
136
137
138
139
140
141
142
143
144
60
21
22
23
24
33
34
35
36
41
42
43
44
93
94
95
96
137
138
139
140
145
146
147
148
149
150
151
152
153
154
155
156
157
158
159
160
161
162
163
164
165
166
167
168
169
170
171
172
173
174
175
176
177
178
179
180
181
182
183
184
48
17
18
19
20
25
26
27
28
29
30
31
32
193
194
195
196
229
230
231
232
233
234
235
236
237
238
239
240
245
246
247
248
253
254
255
256
257
258
259
260
261
262
263
264
265
266
267
268
40
29
30
31
32
217
218
219
220
233
234
235
236
241
242
243
244
245
246
247
248
249
250
251
252
253
254
255
256
257
258
259
260
261
262
263
264
265
266
267
268
28
185
186
187
188
189
190
191
192
193
194
195
196
197
198
199
200
201
202
203
204
205
206
207
208
209
210
211
212
48
33
34
35
36
157
158
159
160
165
166
167
168
169
170
171
172
173
174
175
176
177
178
179
180
181
182
183
184
205
206
207
208
213
214
215
216
217
218
219
220
221
222
223
224
225
226
227
228
28
53
54
55
56
57
58
59
60
61
62
63
64
101
102
103
104
105
106
107
108
109
110
111
112
113
114
115
116
