69
5
6
7
8
13
14
15
16
41
42
43
44
49
50
51
52
73
74
75
76
97
98
99
100
101
102
103
104
105
106
107
108
109
110
111
112
113
114
115
116
177
178
179
180
181
182
183
184
185
186
187
188
225
226
227
228
229
230
231
232
233
234
235
236
273
277
278
280
282
69
1
2
3
4
9
10
11
12
53
54
55
56
57
58
59
60
61
62
63
64
117
118
119
120
121
122
123
124
125
126
127
128
129
130
131
132
133
134
135
136
189
190
191
192
193
194
201
202
203
204
205
206
237
238
239
240
241
242
243
244
245
246
247
248
275
277
278
279
283
69
25
26
27
28
45
46
47
48
77
78
79
80
81
82
83
84
85
86
87
88
157
158
159
160
161
162
163
164
165
166
167
168
169
170
171
172
173
174
175
176
195
196
197
198
199
200
213
214
215
216
217
218
261
262
263
264
265
266
267
268
269
270
271
272
276
277
280
281
285
69
33
34
35
36
65
66
67
68
69
70
71
72
89
90
91
92
93
94
95
96
137
138
139
140
141
142
143
144
145
146
147
148
149
150
151
152
153
154
155
156
207
208
209
210
211
212
219
220
221
222
223
224
249
250
251
252
253
254
255
256
257
258
259
260
274
277
279
281
284
121
17
18
19
20
21
22
23
24
29
30
31
32
37
38
39
40
101
102
103
104
105
106
107
108
113
114
115
116
121
122
123
124
125
126
127
128
133
134
135
136
141
142
143
144
145
146
147
148
153
154
155
156
161
162
163
164
165
166
167
168
173
174
175
176
225
226
227
228
229
230
231
232
233
234
235
236
237
238
239
240
241
242
243
244
245
246
247
248
249
250
251
252
253
254
255
256
257
258
259
260
261
262
263
264
265
266
267
268
269
270
271
272
277
278
279
280
281
282
283
284
285
66
5
6
7
8
13
14
15
16
29
30
31
32
53
54
55
56
57
58
59
60
97
98
99
100
105
106
107
108
117
118
119
120
125
126
127
128
177
178
179
180
181
182
201
202
203
204
205
206
225
226
227
228
229
230
237
238
239
240
241
242
273
275
277
278
282
283
66
9
10
11
12
37
38
39
40
61
62
63
64
65
66
67
68
69
70
71
72
129
130
131
132
133
134
135
136
137
138
139
140
145
146
147
148
189
190
191
192
193
194
207
208
209
210
211
212
243
244
245
246
247
248
249
250
251
252
253
254
274
275
277
279
283
284
66
17
18
19
20
25
26
27
28
41
42
43
44
73
74
75
76
77
78
79
80
109
110
111
112
113
114
115
116
157
158
159
160
165
166
167
168
183
184
185
186
187
188
213
214
215
216
217
218
231
232
233
234
235
236
261
262
263
264
265
266
273
276
277
280
282
285
66
21
22
23
24
45
46
47
48
85
86
87
88
89
90
91
92
93
94
95
96
149
150
151
152
153
154
155
156
169
170
171
172
173
174
175
176
195
196
197
198
199
200
219
220
221
222
223
224
255
256
257
258
259
260
267
268
269
270
271
272
274
276
277
281
284
285
61
13
14
15
16
49
50
51
52
73
74
75
76
97
98
99
100
101
102
103
104
105
106
107
108
109
110
111
112
113
114
115
116
177
178
179
180
181
182
183
184
185
186
187
188
225
226
227
228
229
230
231
232
233
234
235
236
273
277
278
280
282
61
1
2
3
4
57
58
59
60
61
62
63
64
117
118
119
120
121
122
123
124
125
126
127
128
129
130
131
132
133
134
135
136
189
190
191
192
193
194
201
202
203
204
205
206
237
238
239
240
241
242
243
244
245
246
247
248
275
277
278
279
283
61
33
34
35
36
69
70
71
72
93
94
95
96
137
138
139
140
141
142
143
144
145
146
147
148
149
150
151
152
153
154
155
156
207
208
209
210
211
212
219
220
221
222
223
224
249
250
251
252
253
254
255
256
257
258
259
260
274
277
279
281
284
61
25
26
27
28
81
82
83
84
85
86
87
88
157
158
159
160
161
162
163
164
165
166
167
168
169
170
171
172
173
174
175
176
195
196
197
198
199
200
213
214
215
216
217
218
261
262
263
264
265
266
267
268
269
270
271
272
276
277
280
281
285
