3
295
296
419
9
271
272
309
310
321
322
325
326
415
5
289
290
303
304
414
9
283
284
313
314
333
334
345
346
413
7
277
278
367
368
393
394
416
11
339
340
349
350
355
356
381
382
397
398
418
5
279
280
403
404
417
17
273
274
291
292
301
302
307
308
315
316
337
338
343
344
351
352
421
15
369
370
373
374
379
380
387
388
391
392
399
400
411
412
430
9
285
286
363
364
375
376
385
386
427
9
297
298
319
320
327
328
331
332
424
5
269
270
299
300
420
9
305
306
311
312
323
324
329
330
422
5
287
288
335
336
425
11
281
282
341
342
347
348
357
358
361
362
426
9
275
276
389
390
401
402
407
408
431
7
395
396
405
406
409
410
432
5
365
366
371
372
429
9
353
354
359
360
377
378
383
384
428
5
293
294
317
318
423
