9
293
294
295
296
297
298
419
423
424
30
269
270
271
272
273
274
305
306
307
308
309
310
317
318
319
320
321
322
323
324
325
326
327
328
415
420
421
422
423
424
16
287
288
289
290
291
292
299
300
301
302
303
304
414
420
421
425
30
281
282
283
284
285
286
311
312
313
314
315
316
329
330
331
332
333
334
341
342
343
344
345
346
413
421
422
424
426
427
23
275
276
277
278
279
280
365
366
367
368
369
370
389
390
391
392
393
394
416
417
429
430
431
37
335
336
337
338
339
340
347
348
349
350
351
352
353
354
355
356
357
358
377
378
379
380
381
382
395
396
397
398
399
400
418
421
425
426
428
430
432
16
275
276
277
278
279
280
401
402
403
404
405
406
416
417
431
432
57
269
270
271
272
273
274
287
288
289
290
291
292
299
300
301
302
303
304
305
306
307
308
309
310
311
312
313
314
315
316
335
336
337
338
339
340
341
342
343
344
345
346
347
348
349
350
351
352
413
414
415
418
420
421
422
425
426
50
365
366
367
368
369
370
371
372
373
374
375
376
377
378
379
380
381
382
383
384
385
386
387
388
389
390
391
392
393
394
395
396
397
398
399
400
407
408
409
410
411
412
416
418
427
428
429
430
431
432
30
281
282
283
284
285
286
359
360
361
362
363
364
371
372
373
374
375
376
383
384
385
386
387
388
413
426
427
428
429
430
30
293
294
295
296
297
298
317
318
319
320
321
322
323
324
325
326
327
328
329
330
331
332
333
334
413
415
419
422
423
424
16
269
270
271
272
273
274
299
300
301
302
303
304
414
415
420
421
29
305
306
307
308
309
310
311
312
313
314
315
316
323
324
325
326
327
328
329
330
331
332
333
334
413
415
421
422
424
16
287
288
289
290
291
292
335
336
337
338
339
340
414
418
421
425
36
281
282
283
284
285
286
341
342
343
344
345
346
347
348
349
350
351
352
353
354
355
356
357
358
359
360
361
362
363
364
413
418
421
426
427
428
29
275
276
277
278
279
280
389
390
391
392
393
394
401
402
403
404
405
406
407
408
409
410
411
412
416
417
430
431
432
23
395
396
397
398
399
400
401
402
403
404
405
406
407
408
409
410
411
412
417
418
430
431
432
16
365
366
367
368
369
370
371
372
373
374
375
376
416
427
429
430
29
353
354
355
356
357
358
359
360
361
362
363
364
377
378
379
380
381
382
383
384
385
386
387
388
418
426
427
428
430
16
293
294
295
296
297
298
317
318
319
320
321
322
415
419
423
424
