4
5
6
7
8
9
10
11
12
13
14
15
16
17
18
19
20
21
22
23
24
25
26
27
180
181
182
183
184
185
186
187
188
189
190
191
196
197
198
199
200
201
202
203
208
209
210
211
256
257
258
259
260
261
262
263
264
265
266
267
272
273
274
275
276
277
278
279
284
285
286
287
1344
1345
1346
1347
1348
1349
1350
1351
1352
1353
1354
1355
1440
1441
1442
1443
1444
1445
1446
1447
1448
1449
1450
1451
1452
1453
1454
1455
1456
1457
1482
1483
1484
1485
1486
1487
1488
1489
1490
1491
1492
1493
1494
1495
1496
1497
1498
1499
2112
2116
2125
2126
2127
2128
2131
2132
2133
