1 1 0.026736111111111274
1 2 -0.0010416666666666832
1 3 0.0060763888888888418
1 4 -0.00052083333333333814
1 5 -0.00073656956373601051
1 6 2.3562661610685395e-18
1 7 -0.0051559869461519233
1 8 4.9098587388034415e-18
1 9 0.0033439646783331378
1 10 0.0020543385488574194
1 11 0.0010063993074825525
1 12 -0.0007351309513068251
1 13 0.0057291666666667358
1 14 -0.00052083333333333798
1 15 0.0028645833333333594
1 16 -0.00026041666666667091
1 17 0
1 18 0
1 19 0
1 20 0
1 21 0
1 22 0
1 23 0
1 24 0
1 25 0
1 26 0
1 27 0
1 28 0
1 29 0.013258252147247843
1 30 -0.0011048543456039841
1 31 -0.0077339804192280266
1 32 1.2410488515153593e-18
1 33 -0.0039930555555556057
1 34 -0.00052083333333333798
1 35 -0.0019965277777777898
1 36 -0.00026041666666667435
1 37 -0.005155986946152024
1 38 -0.0011048543456039999
1 39 0.0099436891104358846
1 40 0.002209708691207989
1 41 0
1 42 0
1 43 0
1 44 0
1 45 0
1 46 0
1 47 0
1 48 0
1 49 -0.11785113019775793
1 50 0
1 51 -0.20623947784607666
1 52 0
1 53 -0.029462782549439179
1 54 0
1 55 0
1 56 0
1 57 0
1 58 0
1 59 0
1 60 0
1 61 0.11785113019775793
1 62 0
1 63 0.029462782549439179
1 64 0
1 65 0.20623947784607666
1 66 0
1 67 0
1 68 0
1 69 0
1 70 0
1 71 0
1 72 0
1 73 0.0029462782549439523
1 74 0.0029462782549438949
1 75 -0.029462782549438973
1 76 0
1 77 -0.0058925565098877569
2 1 -0.0010416666666666832
2 2 0.026736111111111274
2 3 -0.00052083333333333814
2 4 0.0060763888888888418
2 5 0.0007365695637359975
2 6 -0.00098209275164800283
2 7 -0.002209708691207977
2 8 -0.00343732463076794
2 9 -4.9199536509990386e-18
2 10 0.0050357728950392458
2 11 -2.3703149965921402e-18
2 12 0.00076471241938168482
2 13 0.00052083333333333798
2 14 0.0039930555555556057
2 15 0.00026041666666667435
2 16 0.0019965277777777898
2 17 0
2 18 0
2 19 0
2 20 0
2 21 0
2 22 0
2 23 0
2 24 0
2 25 0
2 26 0
2 27 0
2 28 0
2 29 0.002209708691207989
2 30 0.0099436891104358846
2 31 -0.0011048543456039999
2 32 -0.005155986946152024
2 33 0.00052083333333333798
2 34 -0.0057291666666667358
2 35 0.00026041666666667091
2 36 -0.0028645833333333594
2 37 1.24098102270513e-18
2 38 -0.0077339804192280266
2 39 -0.0011048543456039841
2 40 0.013258252147247843
2 41 0
2 42 0
2 43 0
2 44 0
2 45 0
2 46 0
2 47 0
2 48 0
2 49 0
2 50 -0.11785113019775793
2 51 0
2 52 -0.20623947784607666
2 53 0
2 54 -0.029462782549439179
2 55 0
2 56 0
2 57 0
2 58 0
2 59 0
2 60 0
2 61 0
2 62 0.11785113019775793
2 63 0
2 64 0.029462782549439179
2 65 0
2 66 0.20623947784607666
2 67 0
2 68 0
2 69 0
2 70 0
2 71 0
2 72 0
2 73 -0.0029462782549438949
2 74 -0.0029462782549439523
2 75 0.029462782549438973
2 76 0
2 77 0.0058925565098877569
3 1 0.0060763888888888418
3 2 -0.00052083333333333814
3 3 0.019444444444444614
3 4 -0.0020833333333333493
3 5 -0.001473139127472019
3 6 2.5293793468442497e-18
3 7 -0.00073656956373594361
3 8 3.7417390931744324e-19
3 9 0.00099979068163598564
3 10 -0.00064858942236445928
3 11 0.0019608736975996838
3 12 -0.0013906436959866646
3 13 0.0028645833333333594
3 14 -0.00026041666666667435
3 15 -0.003385416666666753
3 16 0.00078125000000000234
3 17 0
3 18 0
3 19 0
3 20 0
3 21 0
3 22 0
3 23 0
3 24 0
3 25 0
3 26 0
3 27 0
3 28 0
3 29 0.0016572815184059778
3 30 -0.00055242717280200135
3 31 0.0027621358640101886
3 32 0.000552427172801983
3 33 -0.0019965277777777898
3 34 -0.00026041666666667091
3 35 0.0014756944444445131
3 36 0.00078125000000000234
3 37 0.0023938510821421449
3 38 -0.00055242717280199615
3 39 -0.0016572815184059711
3 40 0.0027621358640099402
3 41 0
3 42 0
3 43 0
3 44 0
3 45 0
3 46 0
3 47 0
3 48 0
3 49 -0.20623947784607695
3 50 0
3 51 -0.11785113019775821
3 52 0
3 53 -0.029462782549438597
3 54 0
3 55 0
3 56 0
3 57 0
3 58 0
3 59 0
3 60 0
3 61 0.20623947784607695
3 62 0
3 63 0.029462782549438597
3 64 0
3 65 0.11785113019775821
3 66 0
3 67 0
3 68 0
3 69 0
3 70 0
3 71 0
3 72 0
3 73 0.0058925565098879814
3 74 8.0986514152878164e-17
3 75 -0.005892556509887525
3 76 0
3 77 -0.029462782549438825
4 1 -0.00052083333333333814
4 2 0.0060763888888888418
4 3 -0.0020833333333333493
4 4 0.019444444444444614
4 5 0.0014731391274719882
4 6 -0.0019641855032960051
4 7 0.00073656956373600144
4 8 -0.00098209275164794394
4 9 -3.1469646888173123e-07
4 10 0.00075810379353511018
4 11 3.1469646887881562e-07
4 12 0.0014623944908916428
4 13 0.00026041666666667091
4 14 0.0019965277777777898
4 15 -0.00078125000000000234
4 16 -0.0014756944444445131
4 17 0
4 18 0
4 19 0
4 20 0
4 21 0
4 22 0
4 23 0
4 24 0
4 25 0
4 26 0
4 27 0
4 28 0
4 29 0.0027621358640099402
4 30 -0.0016572815184059711
4 31 -0.00055242717280199615
4 32 0.0023938510821421449
4 33 0.00026041666666667435
4 34 -0.0028645833333333594
4 35 -0.00078125000000000234
4 36 0.003385416666666753
4 37 0.000552427172801983
4 38 0.0027621358640101886
4 39 -0.00055242717280200135
4 40 0.0016572815184059778
4 41 0
4 42 0
4 43 0
4 44 0
4 45 0
4 46 0
4 47 0
4 48 0
4 49 0
4 50 -0.20623947784607695
4 51 0
4 52 -0.11785113019775821
4 53 0
4 54 -0.029462782549438597
4 55 0
4 56 0
4 57 0
4 58 0
4 59 0
4 60 0
4 61 0
4 62 0.20623947784607695
4 63 0
4 64 0.029462782549438597
4 65 0
4 66 0.11785113019775821
4 67 0
4 68 0
4 69 0
4 70 0
4 71 0
4 72 0
4 73 -8.098630239464135e-17
4 74 -0.0058925565098879813
4 75 0.005892556509887525
4 76 0
4 77 0.029462782549438825
5 1 -0.00073656956373601051
5 2 0.0007365695637359975
5 3 -0.001473139127472019
5 4 0.0014731391274719882
5 5 0.011458333333333382
5 6 -0.0010416666666666766
5 7 0.0020833333333333158
5 8 -1.0622570708344726e-19
5 9 0
5 10 0
5 11 0
5 12 0
5 13 -0.0051559869461519233
5 14 0.002209708691207977
5 15 -0.00073656956373594361
5 16 -0.00073656956373600144
5 17 0
5 18 0
5 19 0
5 20 0
5 21 0
5 22 0
5 23 0
5 24 0
5 25 0
5 26 0
5 27 0
5 28 0
5 29 -2.2193777289455886e-16
5 30 0.0015625000000000085
5 31 -0.0078125000000001711
5 32 0.0031250000000000913
5 33 0
5 34 0
5 35 0
5 36 0
5 37 0
5 38 0
5 39 0
5 40 0
5 41 0
5 42 0
5 43 0
5 44 0
5 45 0
5 46 0
5 47 0
5 48 0
5 49 0.041666666666667067
5 50 0
5 51 0.16666666666666626
5 52 0
5 53 0.29166666666666668
5 54 0
5 55 0
5 56 0
5 57 0
5 58 0
5 59 0
5 60 0
5 61 0
5 62 0
5 63 0
5 64 0
5 65 0
5 66 0
5 67 0
5 68 0
5 69 0
5 70 0
5 71 0
5 72 0
5 73 -0.012499999999999788
5 74 0
5 75 -0.0041666666666665582
5 76 0
5 77 -0.0041666666666665696
6 1 2.3562711241522149e-18
6 2 -0.00098209275164800283
6 3 2.5293888594212941e-18
6 4 -0.0019641855032960051
6 5 -0.0010416666666666766
6 6 0.012847222222222288
6 7 1.0633654928552937e-19
6 8 0.0027777777777777606
6 9 0
6 10 0
6 11 0
6 12 0
6 13 -4.9098384728784339e-18
6 14 -0.00343732463076794
6 15 -3.7415591813912021e-19
6 16 -0.00098209275164794394
6 17 0
6 18 0
6 19 0
6 20 0
6 21 0
6 22 0
6 23 0
6 24 0
6 25 0
6 26 0
6 27 0
6 28 0
6 29 0.0015625000000000151
6 30 -2.6656910355569042e-16
6 31 7.233648134661924e-18
6 32 -0.0067708333333334794
6 33 0
6 34 0
6 35 0
6 36 0
6 37 0
6 38 0
6 39 0
6 40 0
6 41 0
6 42 0
6 43 0
6 44 0
6 45 0
6 46 0
6 47 0
6 48 0
6 49 0
6 50 0.041666666666667067
6 51 0
6 52 0.16666666666666626
6 53 0
6 54 0.29166666666666668
6 55 0
6 56 0
6 57 0
6 58 0
6 59 0
6 60 0
6 61 0
6 62 0
6 63 0
6 64 0
6 65 0
6 66 0
6 67 0
6 68 0
6 69 0
6 70 0
6 71 0
6 72 0
6 73 0.020833333333333125
6 74 0
6 75 0.0041666666666666988
6 76 0
6 77 -0.0041666666666664657
7 1 -0.0051559869461519233
7 2 -0.002209708691207977
7 3 -0.00073656956373594361
7 4 0.00073656956373600144
7 5 0.0020833333333333158
7 6 1.0628174856994773e-19
7 7 0.011458333333333382
7 8 0.0010416666666666766
7 9 0
7 10 0
7 11 0
7 12 0
7 13 -0.00073656956373601051
7 14 -0.0007365695637359975
7 15 -0.001473139127472019
7 16 -0.0014731391274719882
7 17 0
7 18 0
7 19 0
7 20 0
7 21 0
7 22 0
7 23 0
7 24 0
7 25 0
7 26 0
7 27 0
7 28 0
7 29 -2.2193809053191408e-16
7 30 -0.0015625000000000085
7 31 0.0078125000000001711
7 32 0.0031250000000000913
7 33 0
7 34 0
7 35 0
7 36 0
7 37 0
7 38 0
7 39 0
7 40 0
7 41 0
7 42 0
7 43 0
7 44 0
7 45 0
7 46 0
7 47 0
7 48 0
7 49 0.041666666666667067
7 50 0
7 51 0.29166666666666667
7 52 0
7 53 0.16666666666666626
7 54 0
7 55 0
7 56 0
7 57 0
7 58 0
7 59 0
7 60 0
7 61 0
7 62 0
7 63 0
7 64 0
7 65 0
7 66 0
7 67 0
7 68 0
7 69 0
7 70 0
7 71 0
7 72 0
7 73 0.0041666666666665582
7 74 0
7 75 0.012499999999999788
7 76 0
7 77 0.0041666666666665696
8 1 4.909843022371803e-18
8 2 -0.00343732463076794
8 3 3.7413172310620303e-19
8 4 -0.00098209275164794394
8 5 -1.0630821834954943e-19
8 6 0.0027777777777777606
8 7 0.0010416666666666766
8 8 0.012847222222222288
8 9 0
8 10 0
8 11 0
8 12 0
8 13 -2.356292217257835e-18
8 14 -0.00098209275164800283
8 15 -2.5294124340687518e-18
8 16 -0.0019641855032960051
8 17 0
8 18 0
8 19 0
8 20 0
8 21 0
8 22 0
8 23 0
8 24 0
8 25 0
8 26 0
8 27 0
8 28 0
8 29 -0.0015625000000000151
8 30 -2.6657058586334811e-16
8 31 7.2335951951027207e-18
8 32 0.0067708333333334794
8 33 0
8 34 0
8 35 0
8 36 0
8 37 0
8 38 0
8 39 0
8 40 0
8 41 0
8 42 0
8 43 0
8 44 0
8 45 0
8 46 0
8 47 0
8 48 0
8 49 0
8 50 0.041666666666667067
8 51 0
8 52 0.29166666666666667
8 53 0
8 54 0.16666666666666626
8 55 0
8 56 0
8 57 0
8 58 0
8 59 0
8 60 0
8 61 0
8 62 0
8 63 0
8 64 0
8 65 0
8 66 0
8 67 0
8 68 0
8 69 0
8 70 0
8 71 0
8 72 0
8 73 0.0041666666666666988
8 74 0
8 75 0.020833333333333125
8 76 0
8 77 -0.0041666666666664657
9 1 0.0033439646783331378
9 2 -4.9199263540388244e-18
9 3 0.00099979068163598564
9 4 -3.1469646888173121e-07
9 5 0
9 6 0
9 7 0
9 8 0
9 9 5.387158415052626
9 10 0.00091768900553386531
9 11 2.6274818844265408
9 12 -5.3405761718751558e-06
9 13 0
9 14 0
9 15 0
9 16 0
9 17 0
9 18 0
9 19 0
9 20 0
9 21 0
9 22 0
9 23 0
9 24 0
9 25 0
9 26 0
9 27 0
9 28 0
9 29 0
9 30 0
9 31 0
9 32 0
9 33 -0.0010063993074825525
9 34 -2.3702984529798891e-18
9 35 -0.0019608736975996838
9 36 3.1469646887881561e-07
9 37 -0.0067171096801759292
9 38 -7.2591393595989707e-18
9 39 0.00012817382812528
9 40 0.0015581130981445462
9 41 0
9 42 0
9 43 0
9 44 0
9 45 0
9 46 0
9 47 0
9 48 0
9 49 0
9 50 0
9 51 0
9 52 0
9 53 0
9 54 0
9 55 0
9 56 0
9 57 0
9 58 0
9 59 0
9 60 0
9 61 0.036458333333333733
9 62 0
9 63 0.0022786458333329245
9 64 0
9 65 -0.038736979166666668
9 66 0
9 67 0
9 68 0
9 69 0
9 70 0
9 71 0
9 72 0
9 73 0
9 74 0.0032755533854166535
9 75 0.0190551757812497
9 76 0
9 77 -0.004101562499999802
10 1 0.0020543385488574194
10 2 0.0050357728950392458
10 3 -0.00064858942236445928
10 4 0.00075810379353511018
10 5 0
10 6 0
10 7 0
10 8 0
10 9 0.00091768900553386531
10 10 5.3860238393147787
10 11 5.3405761718751558e-06
10 12 2.626950200398763
10 13 0
10 14 0
10 15 0
10 16 0
10 17 0
10 18 0
10 19 0
10 20 0
10 21 0
10 22 0
10 23 0
10 24 0
10 25 0
10 26 0
10 27 0
10 28 0
10 29 0
10 30 0
10 31 0
10 32 0
10 33 -0.0007351309513068251
10 34 -0.00076471241938168482
10 35 -0.0013906436959866646
10 36 -0.0014623944908916428
10 37 -0.0027877807617188398
10 38 -0.0077318191528322037
10 39 0.0015741348266601654
10 40 9.6130371093982141e-05
10 41 0
10 42 0
10 43 0
10 44 0
10 45 0
10 46 0
10 47 0
10 48 0
10 49 0
10 50 0
10 51 0
10 52 0
10 53 0
10 54 0
10 55 0
10 56 0
10 57 0
10 58 0
10 59 0
10 60 0
10 61 0
10 62 0.036458333333333733
10 63 0
10 64 0.0022786458333329245
10 65 0
10 66 -0.038736979166666668
10 67 0
10 68 0
10 69 0
10 70 0
10 71 0
10 72 0
10 73 0
10 74 0.0040730794270832245
10 75 0.012276204427083122
10 76 0
10 77 0.0041585286458332362
11 1 0.0010063993074825525
11 2 -2.3703216140370406e-18
11 3 0.0019608736975996838
11 4 3.146964688788156e-07
11 5 0
11 6 0
11 7 0
11 8 0
11 9 2.6274818844265408
11 10 5.3405761718751557e-06
11 11 5.387158415052626
11 12 -0.00091768900553386531
11 13 0
11 14 0
11 15 0
11 16 0
11 17 0
11 18 0
11 19 0
11 20 0
11 21 0
11 22 0
11 23 0
11 24 0
11 25 0
11 26 0
11 27 0
11 28 0
11 29 0
11 30 0
11 31 0
11 32 0
11 33 -0.0033439646783331378
11 34 -4.9199768120561901e-18
11 35 -0.00099979068163598564
11 36 -3.1469646888173117e-07
11 37 0.0067171096801759292
11 38 -7.2590202455907631e-18
11 39 0.00012817382812527999
11 40 -0.0015581130981445462
11 41 0
11 42 0
11 43 0
11 44 0
11 45 0
11 46 0
11 47 0
11 48 0
11 49 0
11 50 0
11 51 0
11 52 0
11 53 0
11 54 0
11 55 0
11 56 0
11 57 0
11 58 0
11 59 0
11 60 0
11 61 0.036458333333333733
11 62 0
11 63 -0.038736979166666659
11 64 0
11 65 0.0022786458333329207
11 66 0
11 67 0
11 68 0
11 69 0
11 70 0
11 71 0
11 72 0
11 73 0
11 74 0.0190551757812497
11 75 0.0032755533854166535
11 76 0
11 77 -0.004101562499999802
12 1 -0.0007351309513068251
12 2 0.00076471241938168482
12 3 -0.0013906436959866646
12 4 0.0014623944908916428
12 5 0
12 6 0
12 7 0
12 8 0
12 9 -5.3405761718751558e-06
12 10 2.626950200398763
12 11 -0.00091768900553386531
12 12 5.3860238393147787
12 13 0
12 14 0
12 15 0
12 16 0
12 17 0
12 18 0
12 19 0
12 20 0
12 21 0
12 22 0
12 23 0
12 24 0
12 25 0
12 26 0
12 27 0
12 28 0
12 29 0
12 30 0
12 31 0
12 32 0
12 33 0.0020543385488574194
12 34 -0.0050357728950392458
12 35 -0.00064858942236445928
12 36 -0.00075810379353511018
12 37 -0.0027877807617188398
12 38 0.0077318191528322037
12 39 -0.0015741348266601654
12 40 9.613037109398214e-05
12 41 0
12 42 0
12 43 0
12 44 0
12 45 0
12 46 0
12 47 0
12 48 0
12 49 0
12 50 0
12 51 0
12 52 0
12 53 0
12 54 0
12 55 0
12 56 0
12 57 0
12 58 0
12 59 0
12 60 0
12 61 0
12 62 0.036458333333333733
12 63 0
12 64 -0.038736979166666659
12 65 0
12 66 0.0022786458333329207
12 67 0
12 68 0
12 69 0
12 70 0
12 71 0
12 72 0
12 73 0
12 74 -0.012276204427083122
12 75 -0.0040730794270832245
12 76 0
12 77 -0.0041585286458332362
13 1 0.0057291666666667358
13 2 0.00052083333333333798
13 3 0.0028645833333333594
13 4 0.00026041666666667091
13 5 -0.0051559869461519233
13 6 -4.9097272170860456e-18
13 7 -0.00073656956373601051
13 8 -2.3562467223241445e-18
13 9 0
13 10 0
13 11 0
13 12 0
13 13 0.026736111111111274
13 14 0.0010416666666666832
13 15 0.0060763888888888418
13 16 0.00052083333333333814
13 17 0.0033439646783331378
13 18 -0.0020543385488574194
13 19 0.0010063993074825525
13 20 0.0007351309513068251
13 21 0
13 22 0
13 23 0
13 24 0
13 25 -0.0039930555555556057
13 26 0.00052083333333333798
13 27 -0.0019965277777777898
13 28 0.00026041666666667435
13 29 0.013258252147247843
13 30 0.0011048543456039841
13 31 0.0077339804192280266
13 32 1.2409562072867534e-18
13 33 0
13 34 0
13 35 0
13 36 0
13 37 0
13 38 0
13 39 0
13 40 0
13 41 -0.005155986946152024
13 42 0.0011048543456039999
13 43 -0.0099436891104358846
13 44 0.002209708691207989
13 45 0
13 46 0
13 47 0
13 48 0
13 49 -0.11785113019775793
13 50 0
13 51 -0.029462782549439179
13 52 0
13 53 -0.20623947784607666
13 54 0
13 55 0.11785113019775793
13 56 0
13 57 0.20623947784607666
13 58 0
13 59 0.029462782549439179
13 60 0
13 61 0
13 62 0
13 63 0
13 64 0
13 65 0
13 66 0
13 67 0
13 68 0
13 69 0
13 70 0
13 71 0
13 72 0
13 73 0.029462782549438973
13 74 0
13 75 -0.0029462782549439523
13 76 -0.0029462782549438949
13 77 0.0058925565098877569
14 1 -0.00052083333333333798
14 2 0.0039930555555556057
14 3 -0.00026041666666667435
14 4 0.0019965277777777898
14 5 0.002209708691207977
14 6 -0.00343732463076794
14 7 -0.0007365695637359975
14 8 -0.00098209275164800283
14 9 0
14 10 0
14 11 0
14 12 0
14 13 0.0010416666666666832
14 14 0.026736111111111274
14 15 0.00052083333333333814
14 16 0.0060763888888888418
14 17 4.9199404161092378e-18
14 18 0.0050357728950392458
14 19 2.3703017617023393e-18
14 20 0.00076471241938168482
14 21 0
14 22 0
14 23 0
14 24 0
14 25 -0.00052083333333333798
14 26 -0.0057291666666667358
14 27 -0.00026041666666667091
14 28 -0.0028645833333333594
14 29 -0.002209708691207989
14 30 0.0099436891104358846
14 31 -0.0011048543456039999
14 32 0.005155986946152024
14 33 0
14 34 0
14 35 0
14 36 0
14 37 0
14 38 0
14 39 0
14 40 0
14 41 -1.2410869018235368e-18
14 42 -0.0077339804192280266
14 43 -0.0011048543456039841
14 44 -0.013258252147247843
14 45 0
14 46 0
14 47 0
14 48 0
14 49 0
14 50 -0.11785113019775793
14 51 0
14 52 -0.029462782549439179
14 53 0
14 54 -0.20623947784607666
14 55 0
14 56 0.11785113019775793
14 57 0
14 58 0.20623947784607666
14 59 0
14 60 0.029462782549439179
14 61 0
14 62 0
14 63 0
14 64 0
14 65 0
14 66 0
14 67 0
14 68 0
14 69 0
14 70 0
14 71 0
14 72 0
14 73 0.029462782549438973
14 74 0
14 75 -0.0029462782549438949
14 76 -0.0029462782549439523
14 77 0.0058925565098877569
15 1 0.0028645833333333594
15 2 0.00026041666666667435
15 3 -0.003385416666666753
15 4 -0.00078125000000000234
15 5 -0.00073656956373594361
15 6 -3.7419190049576627e-19
15 7 -0.001473139127472019
15 8 -2.5293911341679786e-18
15 9 0
15 10 0
15 11 0
15 12 0
15 13 0.0060763888888888418
15 14 0.00052083333333333814
15 15 0.019444444444444614
15 16 0.0020833333333333493
15 17 0.00099979068163598564
15 18 0.00064858942236445928
15 19 0.0019608736975996838
15 20 0.0013906436959866646
15 21 0
15 22 0
15 23 0
15 24 0
15 25 -0.0019965277777777898
15 26 0.00026041666666667091
15 27 0.0014756944444445131
15 28 -0.00078125000000000234
15 29 0.0016572815184059778
15 30 0.00055242717280200135
15 31 -0.0027621358640101886
15 32 0.000552427172801983
15 33 0
15 34 0
15 35 0
15 36 0
15 37 0
15 38 0
15 39 0
15 40 0
15 41 0.0023938510821421449
15 42 0.00055242717280199615
15 43 0.0016572815184059711
15 44 0.0027621358640099402
15 45 0
15 46 0
15 47 0
15 48 0
15 49 -0.20623947784607695
15 50 0
15 51 -0.029462782549438597
15 52 0
15 53 -0.11785113019775821
15 54 0
15 55 0.20623947784607695
15 56 0
15 57 0.11785113019775821
15 58 0
15 59 0.029462782549438597
15 60 0
15 61 0
15 62 0
15 63 0
15 64 0
15 65 0
15 66 0
15 67 0
15 68 0
15 69 0
15 70 0
15 71 0
15 72 0
15 73 0.005892556509887525
15 74 0
15 75 -0.0058925565098879813
15 76 -8.098630239464135e-17
15 77 0.029462782549438825
16 1 -0.00026041666666667091
16 2 0.0019965277777777898
16 3 0.00078125000000000234
16 4 -0.0014756944444445131
16 5 -0.00073656956373600144
16 6 -0.00098209275164794394
16 7 -0.0014731391274719882
16 8 -0.0019641855032960051
16 9 0
16 10 0
16 11 0
16 12 0
16 13 0.00052083333333333814
16 14 0.0060763888888888418
16 15 0.0020833333333333493
16 16 0.019444444444444614
16 17 3.1469646888173121e-07
16 18 0.00075810379353511018
16 19 -3.1469646887881558e-07
16 20 0.0014623944908916428
16 21 0
16 22 0
16 23 0
16 24 0
16 25 -0.00026041666666667435
16 26 -0.0028645833333333594
16 27 0.00078125000000000234
16 28 0.003385416666666753
16 29 -0.0027621358640099402
16 30 -0.0016572815184059711
16 31 -0.00055242717280199615
16 32 -0.0023938510821421449
16 33 0
16 34 0
16 35 0
16 36 0
16 37 0
16 38 0
16 39 0
16 40 0
16 41 -0.000552427172801983
16 42 0.0027621358640101886
16 43 -0.00055242717280200135
16 44 -0.0016572815184059778
16 45 0
16 46 0
16 47 0
16 48 0
16 49 0
16 50 -0.20623947784607695
16 51 0
16 52 -0.029462782549438597
16 53 0
16 54 -0.11785113019775821
16 55 0
16 56 0.20623947784607695
16 57 0
16 58 0.11785113019775821
16 59 0
16 60 0.029462782549438597
16 61 0
16 62 0
16 63 0
16 64 0
16 65 0
16 66 0
16 67 0
16 68 0
16 69 0
16 70 0
16 71 0
16 72 0
16 73 0.005892556509887525
16 74 0
16 75 -8.0986593562216969e-17
16 76 -0.0058925565098879813
16 77 0.029462782549438825
17 1 0
17 2 0
17 3 0
17 4 0
17 5 0
17 6 0
17 7 0
17 8 0
17 9 0
17 10 0
17 11 0
17 12 0
17 13 0.0033439646783331378
17 14 4.9199371073867876e-18
17 15 0.00099979068163598564
17 16 3.1469646888173119e-07
17 17 5.387158415052626
17 18 -0.00091768900553386531
17 19 2.6274818844265408
17 20 5.3405761718751558e-06
17 21 0
17 22 0
17 23 0
17 24 0
17 25 -0.0010063993074825525
17 26 2.3703141694115276e-18
17 27 -0.0019608736975996838
17 28 -3.1469646887881559e-07
17 29 0
17 30 0
17 31 0
17 32 0
17 33 0
17 34 0
17 35 0
17 36 0
17 37 0
17 38 0
17 39 0
17 40 0
17 41 -0.0067171096801759292
17 42 7.2591459770438711e-18
17 43 -0.00012817382812528
17 44 0.0015581130981445462
17 45 0
17 46 0
17 47 0
17 48 0
17 49 0
17 50 0
17 51 0
17 52 0
17 53 0
17 54 0
17 55 0.036458333333333733
17 56 0
17 57 -0.038736979166666659
17 58 0
17 59 0.0022786458333329207
17 60 0
17 61 0
17 62 0
17 63 0
17 64 0
17 65 0
17 66 0
17 67 0
17 68 0
17 69 0
17 70 0
17 71 0
17 72 0
17 73 -0.0190551757812497
17 74 0
17 75 0
17 76 -0.0032755533854166535
17 77 0.004101562499999802
18 1 0
18 2 0
18 3 0
18 4 0
18 5 0
18 6 0
18 7 0
18 8 0
18 9 0
18 10 0
18 11 0
18 12 0
18 13 -0.0020543385488574194
18 14 0.0050357728950392458
18 15 0.00064858942236445928
18 16 0.00075810379353511018
18 17 -0.00091768900553386531
18 18 5.3860238393147787
18 19 -5.3405761718751558e-06
18 20 2.626950200398763
18 21 0
18 22 0
18 23 0
18 24 0
18 25 0.0007351309513068251
18 26 -0.00076471241938168482
18 27 0.0013906436959866646
18 28 -0.0014623944908916428
18 29 0
18 30 0
18 31 0
18 32 0
18 33 0
18 34 0
18 35 0
18 36 0
18 37 0
18 38 0
18 39 0
18 40 0
18 41 0.0027877807617188398
18 42 -0.0077318191528322037
18 43 0.0015741348266601654
18 44 -9.6130371093982141e-05
18 45 0
18 46 0
18 47 0
18 48 0
18 49 0
18 50 0
18 51 0
18 52 0
18 53 0
18 54 0
18 55 0
18 56 0.036458333333333733
18 57 0
18 58 -0.038736979166666659
18 59 0
18 60 0.0022786458333329207
18 61 0
18 62 0
18 63 0
18 64 0
18 65 0
18 66 0
18 67 0
18 68 0
18 69 0
18 70 0
18 71 0
18 72 0
18 73 0.012276204427083122
18 74 0
18 75 0
18 76 0.0040730794270832245
18 77 0.0041585286458332362
19 1 0
19 2 0
19 3 0
19 4 0
19 5 0
19 6 0
19 7 0
19 8 0
19 9 0
19 10 0
19 11 0
19 12 0
19 13 0.0010063993074825525
19 14 2.3702885268125385e-18
19 15 0.0019608736975996838
19 16 -3.146964688788156e-07
19 17 2.6274818844265408
19 18 -5.3405761718751558e-06
19 19 5.387158415052626
19 20 0.00091768900553386531
19 21 0
19 22 0
19 23 0
19 24 0
19 25 -0.0033439646783331378
19 26 4.9199610956245516e-18
19 27 -0.00099979068163598564
19 28 3.1469646888173122e-07
19 29 0
19 30 0
19 31 0
19 32 0
19 33 0
19 34 0
19 35 0
19 36 0
19 37 0
19 38 0
19 39 0
19 40 0
19 41 0.0067171096801759292
19 42 7.259112889819369e-18
19 43 -0.00012817382812528
19 44 -0.0015581130981445462
19 45 0
19 46 0
19 47 0
19 48 0
19 49 0
19 50 0
19 51 0
19 52 0
19 53 0
19 54 0
19 55 0.036458333333333733
19 56 0
19 57 0.0022786458333329245
19 58 0
19 59 -0.038736979166666668
19 60 0
19 61 0
19 62 0
19 63 0
19 64 0
19 65 0
19 66 0
19 67 0
19 68 0
19 69 0
19 70 0
19 71 0
19 72 0
19 73 -0.0032755533854166535
19 74 0
19 75 0
19 76 -0.0190551757812497
19 77 0.004101562499999802
20 1 0
20 2 0
20 3 0
20 4 0
20 5 0
20 6 0
20 7 0
20 8 0
20 9 0
20 10 0
20 11 0
20 12 0
20 13 0.0007351309513068251
20 14 0.00076471241938168482
20 15 0.0013906436959866646
20 16 0.0014623944908916428
20 17 5.3405761718751558e-06
20 18 2.626950200398763
20 19 0.00091768900553386531
20 20 5.3860238393147787
20 21 0
20 22 0
20 23 0
20 24 0
20 25 -0.0020543385488574194
20 26 -0.0050357728950392458
20 27 0.00064858942236445928
20 28 -0.00075810379353511018
20 29 0
20 30 0
20 31 0
20 32 0
20 33 0
20 34 0
20 35 0
20 36 0
20 37 0
20 38 0
20 39 0
20 40 0
20 41 0.0027877807617188398
20 42 0.0077318191528322037
20 43 -0.0015741348266601654
20 44 -9.6130371093982142e-05
20 45 0
20 46 0
20 47 0
20 48 0
20 49 0
20 50 0
20 51 0
20 52 0
20 53 0
20 54 0
20 55 0
20 56 0.036458333333333733
20 57 0
20 58 0.0022786458333329245
20 59 0
20 60 -0.038736979166666668
20 61 0
20 62 0
20 63 0
20 64 0
20 65 0
20 66 0
20 67 0
20 68 0
20 69 0
20 70 0
20 71 0
20 72 0
20 73 -0.0040730794270832245
20 74 0
20 75 0
20 76 -0.012276204427083122
20 77 -0.0041585286458332362
21 1 0
21 2 0
21 3 0
21 4 0
21 5 0
21 6 0
21 7 0
21 8 0
21 9 0
21 10 0
21 11 0
21 12 0
21 13 0
21 14 0
21 15 0
21 16 0
21 17 0
21 18 0
21 19 0
21 20 0
21 21 5.3860238393147787
21 22 0.00091768900553386531
21 23 2.626950200398763
21 24 5.3405761718751557e-06
21 25 0.0050357728950392458
21 26 0.0020543385488574194
21 27 0.00075810379353511018
21 28 -0.00064858942236445928
21 29 0
21 30 0
21 31 0
21 32 0
21 33 0.00076471241938168482
21 34 0.0007351309513068251
21 35 0.0014623944908916428
21 36 0.0013906436959866646
21 37 0
21 38 0
21 39 0
21 40 0
21 41 0
21 42 0
21 43 0
21 44 0
21 45 9.6130371093982141e-05
21 46 0.0015741348266601654
21 47 -0.0077318191528322037
21 48 -0.0027877807617188398
21 49 0
21 50 0
21 51 0
21 52 0
21 53 0
21 54 0
21 55 0
21 56 0
21 57 0
21 58 0
21 59 0
21 60 0
21 61 0
21 62 0
21 63 0
21 64 0
21 65 0
21 66 0
21 67 0.036458333333333733
21 68 0
21 69 -0.038736979166666659
21 70 0
21 71 0.0022786458333329207
21 72 0
21 73 0
21 74 -0.0040730794270832245
21 75 0
21 76 -0.012276204427083122
21 77 -0.0041585286458332362
22 1 0
22 2 0
22 3 0
22 4 0
22 5 0
22 6 0
22 7 0
22 8 0
22 9 0
22 10 0
22 11 0
22 12 0
22 13 0
22 14 0
22 15 0
22 16 0
22 17 0
22 18 0
22 19 0
22 20 0
22 21 0.00091768900553386531
22 22 5.387158415052626
22 23 -5.3405761718751558e-06
22 24 2.6274818844265408
22 25 -4.919928835580662e-18
22 26 0.0033439646783331378
22 27 -3.1469646888173118e-07
22 28 0.00099979068163598564
22 29 0
22 30 0
22 31 0
22 32 0
22 33 2.3703232683982657e-18
22 34 0.0010063993074825525
22 35 -3.1469646887881559e-07
22 36 0.0019608736975996838
22 37 0
22 38 0
22 39 0
22 40 0
22 41 0
22 42 0
22 43 0
22 44 0
22 45 0.0015581130981445462
22 46 0.00012817382812528
22 47 -7.2591716196428603e-18
22 48 -0.0067171096801759292
22 49 0
22 50 0
22 51 0
22 52 0
22 53 0
22 54 0
22 55 0
22 56 0
22 57 0
22 58 0
22 59 0
22 60 0
22 61 0
22 62 0
22 63 0
22 64 0
22 65 0
22 66 0
22 67 0
22 68 0.036458333333333733
22 69 0
22 70 -0.038736979166666659
22 71 0
22 72 0.0022786458333329207
22 73 0
22 74 -0.0032755533854166535
22 75 0
22 76 -0.0190551757812497
22 77 0.004101562499999802
23 1 0
23 2 0
23 3 0
23 4 0
23 5 0
23 6 0
23 7 0
23 8 0
23 9 0
23 10 0
23 11 0
23 12 0
23 13 0
23 14 0
23 15 0
23 16 0
23 17 0
23 18 0
23 19 0
23 20 0
23 21 2.626950200398763
23 22 -5.3405761718751557e-06
23 23 5.3860238393147787
23 24 -0.00091768900553386531
23 25 0.00076471241938168482
23 26 -0.0007351309513068251
23 27 0.0014623944908916428
23 28 -0.0013906436959866646
23 29 0
23 30 0
23 31 0
23 32 0
23 33 0.0050357728950392458
23 34 -0.0020543385488574194
23 35 0.00075810379353511018
23 36 0.00064858942236445928
23 37 0
23 38 0
23 39 0
23 40 0
23 41 0
23 42 0
23 43 0
23 44 0
23 45 9.6130371093982142e-05
23 46 -0.0015741348266601654
23 47 0.0077318191528322037
23 48 -0.0027877807617188398
23 49 0
23 50 0
23 51 0
23 52 0
23 53 0
23 54 0
23 55 0
23 56 0
23 57 0
23 58 0
23 59 0
23 60 0
23 61 0
23 62 0
23 63 0
23 64 0
23 65 0
23 66 0
23 67 0.036458333333333733
23 68 0
23 69 0.0022786458333329245
23 70 0
23 71 -0.038736979166666668
23 72 0
23 73 0
23 74 0.012276204427083122
23 75 0
23 76 0.0040730794270832245
23 77 0.0041585286458332362
24 1 0
24 2 0
24 3 0
24 4 0
24 5 0
24 6 0
24 7 0
24 8 0
24 9 0
24 10 0
24 11 0
24 12 0
24 13 0
24 14 0
24 15 0
24 16 0
24 17 0
24 18 0
24 19 0
24 20 0
24 21 5.3405761718751558e-06
24 22 2.6274818844265408
24 23 -0.00091768900553386531
24 24 5.387158415052626
24 25 -2.3702930763059075e-18
24 26 0.0010063993074825525
24 27 3.1469646887881557e-07
24 28 0.0019608736975996838
24 29 0
24 30 0
24 31 0
24 32 0
24 33 4.9200008002939542e-18
24 34 0.0033439646783331378
24 35 3.146964688817312e-07
24 36 0.00099979068163598564
24 37 0
24 38 0
24 39 0
24 40 0
24 41 0
24 42 0
24 43 0
24 44 0
24 45 -0.0015581130981445462
24 46 0.00012817382812528
24 47 -7.2591683109204101e-18
24 48 0.0067171096801759292
24 49 0
24 50 0
24 51 0
24 52 0
24 53 0
24 54 0
24 55 0
24 56 0
24 57 0
24 58 0
24 59 0
24 60 0
24 61 0
24 62 0
24 63 0
24 64 0
24 65 0
24 66 0
24 67 0
24 68 0.036458333333333733
24 69 0
24 70 0.0022786458333329245
24 71 0
24 72 -0.038736979166666668
24 73 0
24 74 -0.0190551757812497
24 75 0
24 76 -0.0032755533854166535
24 77 0.004101562499999802
25 1 0
25 2 0
25 3 0
25 4 0
25 5 0
25 6 0
25 7 0
25 8 0
25 9 0
25 10 0
25 11 0
25 12 0
25 13 -0.0039930555555556057
25 14 -0.00052083333333333798
25 15 -0.0019965277777777898
25 16 -0.00026041666666667435
25 17 -0.0010063993074825525
25 18 0.0007351309513068251
25 19 -0.0033439646783331378
25 20 -0.0020543385488574194
25 21 0.0050357728950392458
25 22 -4.9199350394352562e-18
25 23 0.00076471241938168482
25 24 -2.3703158237727527e-18
25 25 0.026736111111111274
25 26 -0.0010416666666666832
25 27 0.0060763888888888418
25 28 -0.00052083333333333814
25 29 0
25 30 0
25 31 0
25 32 0
25 33 0.0057291666666667358
25 34 -0.00052083333333333798
25 35 0.0028645833333333594
25 36 -0.00026041666666667091
25 37 0
25 38 0
25 39 0
25 40 0
25 41 -0.005155986946152024
25 42 -0.0011048543456039999
25 43 0.0099436891104358846
25 44 0.002209708691207989
25 45 0.013258252147247843
25 46 -0.0011048543456039841
25 47 -0.0077339804192280266
25 48 1.2408370932785458e-18
25 49 0
25 50 0
25 51 0
25 52 0
25 53 0
25 54 0
25 55 -0.11785113019775793
25 56 0
25 57 -0.029462782549439179
25 58 0
25 59 -0.20623947784607666
25 60 0
25 61 0
25 62 0
25 63 0
25 64 0
25 65 0
25 66 0
25 67 0.11785113019775793
25 68 0
25 69 0.20623947784607666
25 70 0
25 71 0.029462782549439179
25 72 0
25 73 0.0029462782549438949
25 74 0.0029462782549439523
25 75 0
25 76 -0.029462782549438973
25 77 -0.0058925565098877569
26 1 0
26 2 0
26 3 0
26 4 0
26 5 0
26 6 0
26 7 0
26 8 0
26 9 0
26 10 0
26 11 0
26 12 0
26 13 0.00052083333333333798
26 14 -0.0057291666666667358
26 15 0.00026041666666667091
26 16 -0.0028645833333333594
26 17 2.3703050704247895e-18
26 18 -0.00076471241938168482
26 19 4.9199536509990386e-18
26 20 -0.0050357728950392458
26 21 0.0020543385488574194
26 22 0.0033439646783331378
26 23 -0.0007351309513068251
26 24 0.0010063993074825525
26 25 -0.0010416666666666832
26 26 0.026736111111111274
26 27 -0.00052083333333333814
26 28 0.0060763888888888418
26 29 0
26 30 0
26 31 0
26 32 0
26 33 0.00052083333333333798
26 34 0.0039930555555556057
26 35 0.00026041666666667435
26 36 0.0019965277777777898
26 37 0
26 38 0
26 39 0
26 40 0
26 41 1.2410372709867836e-18
26 42 -0.0077339804192280266
26 43 -0.0011048543456039841
26 44 0.013258252147247843
26 45 0.002209708691207989
26 46 0.0099436891104358846
26 47 -0.0011048543456039999
26 48 -0.005155986946152024
26 49 0
26 50 0
26 51 0
26 52 0
26 53 0
26 54 0
26 55 0
26 56 -0.11785113019775793
26 57 0
26 58 -0.029462782549439179
26 59 0
26 60 -0.20623947784607666
26 61 0
26 62 0
26 63 0
26 64 0
26 65 0
26 66 0
26 67 0
26 68 0.11785113019775793
26 69 0
26 70 0.20623947784607666
26 71 0
26 72 0.029462782549439179
26 73 -0.0029462782549439523
26 74 -0.0029462782549438949
26 75 0
26 76 0.029462782549438973
26 77 0.0058925565098877569
27 1 0
27 2 0
27 3 0
27 4 0
27 5 0
27 6 0
27 7 0
27 8 0
27 9 0
27 10 0
27 11 0
27 12 0
27 13 -0.0019965277777777898
27 14 -0.00026041666666667091
27 15 0.0014756944444445131
27 16 0.00078125000000000234
27 17 -0.0019608736975996838
27 18 0.0013906436959866646
27 19 -0.00099979068163598564
27 20 0.00064858942236445928
27 21 0.00075810379353511018
27 22 -3.1469646888173121e-07
27 23 0.0014623944908916428
27 24 3.1469646887881559e-07
27 25 0.0060763888888888418
27 26 -0.00052083333333333814
27 27 0.019444444444444614
27 28 -0.0020833333333333493
27 29 0
27 30 0
27 31 0
27 32 0
27 33 0.0028645833333333594
27 34 -0.00026041666666667435
27 35 -0.003385416666666753
27 36 0.00078125000000000234
27 37 0
27 38 0
27 39 0
27 40 0
27 41 0.0023938510821421449
27 42 -0.00055242717280199615
27 43 -0.0016572815184059711
27 44 0.0027621358640099402
27 45 0.0016572815184059778
27 46 -0.00055242717280200135
27 47 0.0027621358640101886
27 48 0.000552427172801983
27 49 0
27 50 0
27 51 0
27 52 0
27 53 0
27 54 0
27 55 -0.20623947784607695
27 56 0
27 57 -0.029462782549438597
27 58 0
27 59 -0.11785113019775821
27 60 0
27 61 0
27 62 0
27 63 0
27 64 0
27 65 0
27 66 0
27 67 0.20623947784607695
27 68 0
27 69 0.11785113019775821
27 70 0
27 71 0.029462782549438597
27 72 0
27 73 8.0986567092437367e-17
27 74 0.0058925565098879813
27 75 0
27 76 -0.005892556509887525
27 77 -0.029462782549438825
28 1 0
28 2 0
28 3 0
28 4 0
28 5 0
28 6 0
28 7 0
28 8 0
28 9 0
28 10 0
28 11 0
28 12 0
28 13 0.00026041666666667435
28 14 -0.0028645833333333594
28 15 -0.00078125000000000234
28 16 0.003385416666666753
28 17 -3.1469646887881555e-07
28 18 -0.0014623944908916428
28 19 3.1469646888173122e-07
28 20 -0.00075810379353511018
28 21 -0.00064858942236445928
28 22 0.00099979068163598564
28 23 -0.0013906436959866646
28 24 0.0019608736975996838
28 25 -0.00052083333333333814
28 26 0.0060763888888888418
28 27 -0.0020833333333333493
28 28 0.019444444444444614
28 29 0
28 30 0
28 31 0
28 32 0
28 33 0.00026041666666667091
28 34 0.0019965277777777898
28 35 -0.00078125000000000234
28 36 -0.0014756944444445131
28 37 0
28 38 0
28 39 0
28 40 0
28 41 0.000552427172801983
28 42 0.0027621358640101886
28 43 -0.00055242717280200135
28 44 0.0016572815184059778
28 45 0.0027621358640099402
28 46 -0.0016572815184059711
28 47 -0.00055242717280199615
28 48 0.0023938510821421449
28 49 0
28 50 0
28 51 0
28 52 0
28 53 0
28 54 0
28 55 0
28 56 -0.20623947784607695
28 57 0
28 58 -0.029462782549438597
28 59 0
28 60 -0.11785113019775821
28 61 0
28 62 0
28 63 0
28 64 0
28 65 0
28 66 0
28 67 0
28 68 0.20623947784607695
28 69 0
28 70 0.11785113019775821
28 71 0
28 72 0.029462782549438597
28 73 -0.0058925565098879813
28 74 -8.0986381803980156e-17
28 75 0
28 76 0.005892556509887525
28 77 0.029462782549438825
29 1 0.013258252147247843
29 2 0.002209708691207989
29 3 0.0016572815184059778
29 4 0.0027621358640099402
29 5 -2.2193713761984842e-16
29 6 0.0015625000000000151
29 7 -2.2193830229015089e-16
29 8 -0.0015625000000000151
29 9 0
29 10 0
29 11 0
29 12 0
29 13 0.013258252147247843
29 14 -0.002209708691207989
29 15 0.0016572815184059778
29 16 -0.0027621358640099402
29 17 0
29 18 0
29 19 0
29 20 0
29 21 0
29 22 0
29 23 0
29 24 0
29 25 0
29 26 0
29 27 0
29 28 0
29 29 0.091406250000001041
29 30 5.6910026143648304e-22
29 31 -3.3881317890172014e-21
29 32 -0.016406250000000434
29 33 0
29 34 0
29 35 0
29 36 0
29 37 0
29 38 0
29 39 0
29 40 0
29 41 0
29 42 0
29 43 0
29 44 0
29 45 0
29 46 0
29 47 0
29 48 0
29 49 -0.37499999999999987
29 50 0
29 51 0.18749999999999994
29 52 0
29 53 0.18749999999999994
29 54 0
29 55 0
29 56 0
29 57 0
29 58 0
29 59 0
29 60 0
29 61 0
29 62 0
29 63 0
29 64 0
29 65 0
29 66 0
29 67 0
29 68 0
29 69 0
29 70 0
29 71 0
29 72 0
29 73 0.018749999999999619
29 74 0
29 75 -0.018749999999999619
29 76 0
29 77 0
30 1 -0.0011048543456039841
30 2 0.0099436891104358846
30 3 -0.00055242717280200135
30 4 -0.0016572815184059711
30 5 0.0015625000000000085
30 6 -2.6656931531392723e-16
30 7 -0.0015625000000000085
30 8 -2.6656942119304564e-16
30 9 0
30 10 0
30 11 0
30 12 0
30 13 0.0011048543456039841
30 14 0.0099436891104358846
30 15 0.00055242717280200135
30 16 -0.0016572815184059711
30 17 0
30 18 0
30 19 0
30 20 0
30 21 0
30 22 0
30 23 0
30 24 0
30 25 0
30 26 0
30 27 0
30 28 0
30 29 -7.2791893904666435e-22
30 30 0.10546875000000137
30 31 -0.0023437500000000212
30 32 -1.6940658945086007e-21
30 33 0
30 34 0
30 35 0
30 36 0
30 37 0
30 38 0
30 39 0
30 40 0
30 41 0
30 42 0
30 43 0
30 44 0
30 45 0
30 46 0
30 47 0
30 48 0
30 49 0
30 50 -0.37499999999999987
30 51 0
30 52 0.18749999999999994
30 53 0
30 54 0.18749999999999994
30 55 0
30 56 0
30 57 0
30 58 0
30 59 0
30 60 0
30 61 0
30 62 0
30 63 0
30 64 0
30 65 0
30 66 0
30 67 0
30 68 0
30 69 0
30 70 0
30 71 0
30 72 0
30 73 -0.056249999999999416
30 74 0
30 75 -0.056249999999999416
30 76 0
30 77 -0.074999999999999157
31 1 -0.0077339804192280266
31 2 -0.0011048543456039999
31 3 0.0027621358640101886
31 4 -0.00055242717280199615
31 5 -0.0078125000000001711
31 6 7.2335918863802704e-18
31 7 0.0078125000000001711
31 8 7.233538946821067e-18
31 9 0
31 10 0
31 11 0
31 12 0
31 13 0.0077339804192280266
31 14 -0.0011048543456039999
31 15 -0.0027621358640101886
31 16 -0.00055242717280199615
31 17 0
31 18 0
31 19 0
31 20 0
31 21 0
31 22 0
31 23 0
31 24 0
31 25 0
31 26 0
31 27 0
31 28 0
31 29 -1.6940658945086007e-21
31 30 -0.0023437500000000212
31 31 0.086718750000002546
31 32 -5.2939559203393771e-23
31 33 0
31 34 0
31 35 0
31 36 0
31 37 0
31 38 0
31 39 0
31 40 0
31 41 0
31 42 0
31 43 0
31 44 0
31 45 0
31 46 0
31 47 0
31 48 0
31 49 1.9199413476759869e-20
31 50 0
31 51 -0.18750000000000119
31 52 0
31 53 0.18750000000000119
31 54 0
31 55 0
31 56 0
31 57 0
31 58 0
31 59 0
31 60 0
31 61 0
31 62 0
31 63 0
31 64 0
31 65 0
31 66 0
31 67 0
31 68 0
31 69 0
31 70 0
31 71 0
31 72 0
31 73 0.068749999999999766
31 74 0
31 75 0.068749999999999766
31 76 0
31 77 0.049999999999999812
32 1 1.2410356166255585e-18
32 2 -0.005155986946152024
32 3 0.000552427172801983
32 4 0.0023938510821421449
32 5 0.0031250000000000913
32 6 -0.0067708333333334794
32 7 0.0031250000000000913
32 8 0.0067708333333334794
32 9 0
32 10 0
32 11 0
32 12 0
32 13 1.2410554689602598e-18
32 14 0.005155986946152024
32 15 0.000552427172801983
32 16 -0.0023938510821421449
32 17 0
32 18 0
32 19 0
32 20 0
32 21 0
32 22 0
32 23 0
32 24 0
32 25 0
32 26 0
32 27 0
32 28 0
32 29 -0.016406250000000434
32 30 0
32 31 2.1175823681357508e-22
32 32 0.066406250000001933
32 33 0
32 34 0
32 35 0
32 36 0
32 37 0
32 38 0
32 39 0
32 40 0
32 41 0
32 42 0
32 43 0
32 44 0
32 45 0
32 46 0
32 47 0
32 48 0
32 49 0
32 50 1.9199413476759869e-20
32 51 0
32 52 -0.18750000000000119
32 53 0
32 54 0.18750000000000119
32 55 0
32 56 0
32 57 0
32 58 0
32 59 0
32 60 0
32 61 0
32 62 0
32 63 0
32 64 0
32 65 0
32 66 0
32 67 0
32 68 0
32 69 0
32 70 0
32 71 0
32 72 0
32 73 -0.0062499999999999484
32 74 0
32 75 0.0062499999999999484
32 76 0
32 77 -1.3161362509924445e-22
33 1 -0.0039930555555556057
33 2 0.00052083333333333798
33 3 -0.0019965277777777898
33 4 0.00026041666666667435
33 5 0
33 6 0
33 7 0
33 8 0
33 9 -0.0010063993074825525
33 10 -0.0007351309513068251
33 11 -0.0033439646783331378
33 12 0.0020543385488574194
33 13 0
33 14 0
33 15 0
33 16 0
33 17 0
33 18 0
33 19 0
33 20 0
33 21 0.00076471241938168482
33 22 2.3702827365482506e-18
33 23 0.0050357728950392458
33 24 4.9198907852724846e-18
33 25 0.0057291666666667358
33 26 0.00052083333333333798
33 27 0.0028645833333333594
33 28 0.00026041666666667091
33 29 0
33 30 0
33 31 0
33 32 0
33 33 0.026736111111111274
33 34 0.0010416666666666832
33 35 0.0060763888888888418
33 36 0.00052083333333333814
33 37 -0.005155986946152024
33 38 0.0011048543456039999
33 39 -0.0099436891104358846
33 40 0.002209708691207989
33 41 0
33 42 0
33 43 0
33 44 0
33 45 0.013258252147247843
33 46 0.0011048543456039841
33 47 0.0077339804192280266
33 48 1.2408635630581475e-18
33 49 0
33 50 0
33 51 0
33 52 0
33 53 0
33 54 0
33 55 0
33 56 0
33 57 0
33 58 0
33 59 0
33 60 0
33 61 -0.11785113019775793
33 62 0
33 63 -0.20623947784607666
33 64 0
33 65 -0.029462782549439179
33 66 0
33 67 0.11785113019775793
33 68 0
33 69 0.029462782549439179
33 70 0
33 71 0.20623947784607666
33 72 0
33 73 0
33 74 0.029462782549438973
33 75 -0.0029462782549438949
33 76 -0.0029462782549439523
33 77 0.0058925565098877569
34 1 -0.00052083333333333798
34 2 -0.0057291666666667358
34 3 -0.00026041666666667091
34 4 -0.0028645833333333594
34 5 0
34 6 0
34 7 0
34 8 0
34 9 -2.3703050704247895e-18
34 10 -0.00076471241938168482
34 11 -4.9199569597214888e-18
34 12 -0.0050357728950392458
34 13 0
34 14 0
34 15 0
34 16 0
34 17 0
34 18 0
34 19 0
34 20 0
34 21 0.0007351309513068251
34 22 0.0010063993074825525
34 23 -0.0020543385488574194
34 24 0.0033439646783331378
34 25 -0.00052083333333333798
34 26 0.0039930555555556057
34 27 -0.00026041666666667435
34 28 0.0019965277777777898
34 29 0
34 30 0
34 31 0
34 32 0
34 33 0.0010416666666666832
34 34 0.026736111111111274
34 35 0.00052083333333333814
34 36 0.0060763888888888418
34 37 -1.2412490292235972e-18
34 38 -0.0077339804192280266
34 39 -0.0011048543456039841
34 40 -0.013258252147247843
34 41 0
34 42 0
34 43 0
34 44 0
34 45 -0.002209708691207989
34 46 0.0099436891104358846
34 47 -0.0011048543456039999
34 48 0.005155986946152024
34 49 0
34 50 0
34 51 0
34 52 0
34 53 0
34 54 0
34 55 0
34 56 0
34 57 0
34 58 0
34 59 0
34 60 0
34 61 0
34 62 -0.11785113019775793
34 63 0
34 64 -0.20623947784607666
34 65 0
34 66 -0.029462782549439179
34 67 0
34 68 0.11785113019775793
34 69 0
34 70 0.029462782549439179
34 71 0
34 72 0.20623947784607666
34 73 0
34 74 0.029462782549438973
34 75 -0.0029462782549439523
34 76 -0.0029462782549438949
34 77 0.0058925565098877569
35 1 -0.0019965277777777898
35 2 0.00026041666666667091
35 3 0.0014756944444445131
35 4 -0.00078125000000000234
35 5 0
35 6 0
35 7 0
35 8 0
35 9 -0.0019608736975996838
35 10 -0.0013906436959866646
35 11 -0.00099979068163598564
35 12 -0.00064858942236445928
35 13 0
35 14 0
35 15 0
35 16 0
35 17 0
35 18 0
35 19 0
35 20 0
35 21 0.0014623944908916428
35 22 -3.1469646887881559e-07
35 23 0.00075810379353511018
35 24 3.146964688817312e-07
35 25 0.0028645833333333594
35 26 0.00026041666666667435
35 27 -0.003385416666666753
35 28 -0.00078125000000000234
35 29 0
35 30 0
35 31 0
35 32 0
35 33 0.0060763888888888418
35 34 0.00052083333333333814
35 35 0.019444444444444614
35 36 0.0020833333333333493
35 37 0.0023938510821421449
35 38 0.00055242717280199615
35 39 0.0016572815184059711
35 40 0.0027621358640099402
35 41 0
35 42 0
35 43 0
35 44 0
35 45 0.0016572815184059778
35 46 0.00055242717280200135
35 47 -0.0027621358640101886
35 48 0.000552427172801983
35 49 0
35 50 0
35 51 0
35 52 0
35 53 0
35 54 0
35 55 0
35 56 0
35 57 0
35 58 0
35 59 0
35 60 0
35 61 -0.20623947784607695
35 62 0
35 63 -0.11785113019775821
35 64 0
35 65 -0.029462782549438597
35 66 0
35 67 0.20623947784607695
35 68 0
35 69 0.029462782549438597
35 70 0
35 71 0.11785113019775821
35 72 0
35 73 0
35 74 0.005892556509887525
35 75 -8.0986567092437367e-17
35 76 -0.0058925565098879813
35 77 0.029462782549438825
36 1 -0.00026041666666667435
36 2 -0.0028645833333333594
36 3 0.00078125000000000234
36 4 0.003385416666666753
36 5 0
36 6 0
36 7 0
36 8 0
36 9 3.1469646887881556e-07
36 10 -0.0014623944908916428
36 11 -3.1469646888173121e-07
36 12 -0.00075810379353511018
36 13 0
36 14 0
36 15 0
36 16 0
36 17 0
36 18 0
36 19 0
36 20 0
36 21 0.0013906436959866646
36 22 0.0019608736975996838
36 23 0.00064858942236445928
36 24 0.00099979068163598564
36 25 -0.00026041666666667091
36 26 0.0019965277777777898
36 27 0.00078125000000000234
36 28 -0.0014756944444445131
36 29 0
36 30 0
36 31 0
36 32 0
36 33 0.00052083333333333814
36 34 0.0060763888888888418
36 35 0.0020833333333333493
36 36 0.019444444444444614
36 37 -0.000552427172801983
36 38 0.0027621358640101886
36 39 -0.00055242717280200135
36 40 -0.0016572815184059778
36 41 0
36 42 0
36 43 0
36 44 0
36 45 -0.0027621358640099402
36 46 -0.0016572815184059711
36 47 -0.00055242717280199615
36 48 -0.0023938510821421449
36 49 0
36 50 0
36 51 0
36 52 0
36 53 0
36 54 0
36 55 0
36 56 0
36 57 0
36 58 0
36 59 0
36 60 0
36 61 0
36 62 -0.20623947784607695
36 63 0
36 64 -0.11785113019775821
36 65 0
36 66 -0.029462782549438597
36 67 0
36 68 0.20623947784607695
36 69 0
36 70 0.029462782549438597
36 71 0
36 72 0.11785113019775821
36 73 0
36 74 0.005892556509887525
36 75 -0.0058925565098879813
36 76 -8.0986620031996571e-17
36 77 0.029462782549438825
37 1 -0.005155986946152024
37 2 1.2409471083000153e-18
37 3 0.0023938510821421449
37 4 0.000552427172801983
37 5 0
37 6 0
37 7 0
37 8 0
37 9 -0.0067171096801759292
37 10 -0.0027877807617188398
37 11 0.0067171096801759292
37 12 -0.0027877807617188398
37 13 0
37 14 0
37 15 0
37 16 0
37 17 0
37 18 0
37 19 0
37 20 0
37 21 0
37 22 0
37 23 0
37 24 0
37 25 0
37 26 0
37 27 0
37 28 0
37 29 0
37 30 0
37 31 0
37 32 0
37 33 -0.005155986946152024
37 34 -1.2410099740265693e-18
37 35 0.0023938510821421449
37 36 -0.000552427172801983
37 37 0.066406250000001933
37 38 3.9042924912502906e-22
37 39 -1.6940658945086007e-21
37 40 -0.016406250000000434
37 41 0
37 42 0
37 43 0
37 44 0
37 45 0
37 46 0
37 47 0
37 48 0
37 49 0
37 50 0
37 51 0
37 52 0
37 53 0
37 54 0
37 55 0
37 56 0
37 57 0
37 58 0
37 59 0
37 60 0
37 61 -3.3881317890172014e-21
37 62 0
37 63 -0.18750000000000119
37 64 0
37 65 0.18750000000000119
37 66 0
37 67 0
37 68 0
37 69 0
37 70 0
37 71 0
37 72 0
37 73 0
37 74 0.0062499999999999484
37 75 -0.0062499999999999484
37 76 0
37 77 0
38 1 -0.0011048543456039999
38 2 -0.0077339804192280266
38 3 -0.00055242717280199615
38 4 0.0027621358640101886
38 5 0
38 6 0
38 7 0
38 8 0
38 9 -7.2591964350612369e-18
38 10 -0.0077318191528322037
38 11 -7.2591873360744988e-18
38 12 0.0077318191528322037
38 13 0
38 14 0
38 15 0
38 16 0
38 17 0
38 18 0
38 19 0
38 20 0
38 21 0
38 22 0
38 23 0
38 24 0
38 25 0
38 26 0
38 27 0
38 28 0
38 29 0
38 30 0
38 31 0
38 32 0
38 33 0.0011048543456039999
38 34 -0.0077339804192280266
38 35 0.00055242717280199615
38 36 0.0027621358640101886
38 37 -3.3087224502121107e-23
38 38 0.086718750000002546
38 39 -0.0023437500000000212
38 40 -1.6940658945086007e-21
38 41 0
38 42 0
38 43 0
38 44 0
38 45 0
38 46 0
38 47 0
38 48 0
38 49 0
38 50 0
38 51 0
38 52 0
38 53 0
38 54 0
38 55 0
38 56 0
38 57 0
38 58 0
38 59 0
38 60 0
38 61 0
38 62 -3.3881317890172014e-21
38 63 0
38 64 -0.18750000000000119
38 65 0
38 66 0.18750000000000119
38 67 0
38 68 0
38 69 0
38 70 0
38 71 0
38 72 0
38 73 0
38 74 -0.068749999999999766
38 75 -0.068749999999999766
38 76 0
38 77 -0.049999999999999812
39 1 0.0099436891104358846
39 2 -0.0011048543456039841
39 3 -0.0016572815184059711
39 4 -0.00055242717280200135
39 5 0
39 6 0
39 7 0
39 8 0
39 9 0.00012817382812528
39 10 0.0015741348266601654
39 11 0.00012817382812528
39 12 -0.0015741348266601654
39 13 0
39 14 0
39 15 0
39 16 0
39 17 0
39 18 0
39 19 0
39 20 0
39 21 0
39 22 0
39 23 0
39 24 0
39 25 0
39 26 0
39 27 0
39 28 0
39 29 0
39 30 0
39 31 0
39 32 0
39 33 -0.0099436891104358846
39 34 -0.0011048543456039841
39 35 0.0016572815184059711
39 36 -0.00055242717280200135
39 37 -1.6940658945086007e-21
39 38 -0.0023437500000000212
39 39 0.10546875000000137
39 40 -4.2351647362715017e-22
39 41 0
39 42 0
39 43 0
39 44 0
39 45 0
39 46 0
39 47 0
39 48 0
39 49 0
39 50 0
39 51 0
39 52 0
39 53 0
39 54 0
39 55 0
39 56 0
39 57 0
39 58 0
39 59 0
39 60 0
39 61 0.37499999999999987
39 62 0
39 63 -0.18749999999999994
39 64 0
39 65 -0.18749999999999994
39 66 0
39 67 0
39 68 0
39 69 0
39 70 0
39 71 0
39 72 0
39 73 0
39 74 0.056249999999999416
39 75 0.056249999999999416
39 76 0
39 77 0.074999999999999157
40 1 0.002209708691207989
40 2 0.013258252147247843
40 3 0.0027621358640099402
40 4 0.0016572815184059778
40 5 0
40 6 0
40 7 0
40 8 0
40 9 0.0015581130981445462
40 10 9.6130371093982142e-05
40 11 -0.0015581130981445462
40 12 9.6130371093982141e-05
40 13 0
40 14 0
40 15 0
40 16 0
40 17 0
40 18 0
40 19 0
40 20 0
40 21 0
40 22 0
40 23 0
40 24 0
40 25 0
40 26 0
40 27 0
40 28 0
40 29 0
40 30 0
40 31 0
40 32 0
40 33 0.002209708691207989
40 34 -0.013258252147247843
40 35 0.0027621358640099402
40 36 -0.0016572815184059778
40 37 -0.016406250000000434
40 38 4.2351647362715017e-22
40 39 3.1763735522036263e-22
40 40 0.091406250000001041
40 41 0
40 42 0
40 43 0
40 44 0
40 45 0
40 46 0
40 47 0
40 48 0
40 49 0
40 50 0
40 51 0
40 52 0
40 53 0
40 54 0
40 55 0
40 56 0
40 57 0
40 58 0
40 59 0
40 60 0
40 61 0
40 62 0.37499999999999987
40 63 0
40 64 -0.18749999999999994
40 65 0
40 66 -0.18749999999999994
40 67 0
40 68 0
40 69 0
40 70 0
40 71 0
40 72 0
40 73 0
40 74 -0.018749999999999619
40 75 0.018749999999999619
40 76 0
40 77 8.4703294725430034e-22
41 1 0
41 2 0
41 3 0
41 4 0
41 5 0
41 6 0
41 7 0
41 8 0
41 9 0
41 10 0
41 11 0
41 12 0
41 13 -0.005155986946152024
41 14 -1.2410116283877944e-18
41 15 0.0023938510821421449
41 16 -0.000552427172801983
41 17 -0.0067171096801759292
41 18 0.0027877807617188398
41 19 0.0067171096801759292
41 20 0.0027877807617188398
41 21 0
41 22 0
41 23 0
41 24 0
41 25 -0.005155986946152024
41 26 1.240895823102037e-18
41 27 0.0023938510821421449
41 28 0.000552427172801983
41 29 0
41 30 0
41 31 0
41 32 0
41 33 0
41 34 0
41 35 0
41 36 0
41 37 0
41 38 0
41 39 0
41 40 0
41 41 0.066406250000001933
41 42 -1.9190590211230242e-22
41 43 6.7762635780344027e-21
41 44 -0.016406250000000434
41 45 0
41 46 0
41 47 0
41 48 0
41 49 0
41 50 0
41 51 0
41 52 0
41 53 0
41 54 0
41 55 1.3552527156068805e-20
41 56 0
41 57 0.18750000000000119
41 58 0
41 59 -0.18750000000000119
41 60 0
41 61 0
41 62 0
41 63 0
41 64 0
41 65 0
41 66 0
41 67 0
41 68 0
41 69 0
41 70 0
41 71 0
41 72 0
41 73 0.0062499999999999484
41 74 0
41 75 0
41 76 -0.0062499999999999484
41 77 -4.2351647362715017e-22
42 1 0
42 2 0
42 3 0
42 4 0
42 5 0
42 6 0
42 7 0
42 8 0
42 9 0
42 10 0
42 11 0
42 12 0
42 13 0.0011048543456039999
42 14 -0.0077339804192280266
42 15 0.00055242717280199615
42 16 0.0027621358640101886
42 17 7.2591765827265356e-18
42 18 -0.0077318191528322037
42 19 7.2592667454133039e-18
42 20 0.0077318191528322037
42 21 0
42 22 0
42 23 0
42 24 0
42 25 -0.0011048543456039999
42 26 -0.0077339804192280266
42 27 -0.00055242717280199615
42 28 0.0027621358640101886
42 29 0
42 30 0
42 31 0
42 32 0
42 33 0
42 34 0
42 35 0
42 36 0
42 37 0
42 38 0
42 39 0
42 40 0
42 41 -3.9042924912502906e-22
42 42 0.086718750000002546
42 43 -0.0023437500000000212
42 44 -1.2705494208814505e-21
42 45 0
42 46 0
42 47 0
42 48 0
42 49 0
42 50 0
42 51 0
42 52 0
42 53 0
42 54 0
42 55 0
42 56 1.3552527156068805e-20
42 57 0
42 58 0.18750000000000119
42 59 0
42 60 -0.18750000000000119
42 61 0
42 62 0
42 63 0
42 64 0
42 65 0
42 66 0
42 67 0
42 68 0
42 69 0
42 70 0
42 71 0
42 72 0
42 73 -0.068749999999999766
42 74 0
42 75 0
42 76 -0.068749999999999766
42 77 -0.049999999999999812
43 1 0
43 2 0
43 3 0
43 4 0
43 5 0
43 6 0
43 7 0
43 8 0
43 9 0
43 10 0
43 11 0
43 12 0
43 13 -0.0099436891104358846
43 14 -0.0011048543456039841
43 15 0.0016572815184059711
43 16 -0.00055242717280200135
43 17 -0.00012817382812528
43 18 0.0015741348266601654
43 19 -0.00012817382812528
43 20 -0.0015741348266601654
43 21 0
43 22 0
43 23 0
43 24 0
43 25 0.0099436891104358846
43 26 -0.0011048543456039841
43 27 -0.0016572815184059711
43 28 -0.00055242717280200135
43 29 0
43 30 0
43 31 0
43 32 0
43 33 0
43 34 0
43 35 0
43 36 0
43 37 0
43 38 0
43 39 0
43 40 0
43 41 4.2351647362715017e-21
43 42 -0.0023437500000000212
43 43 0.10546875000000137
43 44 -2.6469779601696886e-22
43 45 0
43 46 0
43 47 0
43 48 0
43 49 0
43 50 0
43 51 0
43 52 0
43 53 0
43 54 0
43 55 -0.37499999999999987
43 56 0
43 57 0.18749999999999994
43 58 0
43 59 0.18749999999999994
43 60 0
43 61 0
43 62 0
43 63 0
43 64 0
43 65 0
43 66 0
43 67 0
43 68 0
43 69 0
43 70 0
43 71 0
43 72 0
43 73 0.056249999999999416
43 74 0
43 75 0
43 76 0.056249999999999416
43 77 0.074999999999999157
44 1 0
44 2 0
44 3 0
44 4 0
44 5 0
44 6 0
44 7 0
44 8 0
44 9 0
44 10 0
44 11 0
44 12 0
44 13 0.002209708691207989
44 14 -0.013258252147247843
44 15 0.0027621358640099402
44 16 -0.0016572815184059778
44 17 0.0015581130981445462
44 18 -9.6130371093982141e-05
44 19 -0.0015581130981445462
44 20 -9.6130371093982142e-05
44 21 0
44 22 0
44 23 0
44 24 0
44 25 0.002209708691207989
44 26 0.013258252147247843
44 27 0.0027621358640099402
44 28 0.0016572815184059778
44 29 0
44 30 0
44 31 0
44 32 0
44 33 0
44 34 0
44 35 0
44 36 0
44 37 0
44 38 0
44 39 0
44 40 0
44 41 -0.016406250000000434
44 42 4.2351647362715017e-22
44 43 1.0587911840678754e-22
44 44 0.091406250000001041
44 45 0
44 46 0
44 47 0
44 48 0
44 49 0
44 50 0
44 51 0
44 52 0
44 53 0
44 54 0
44 55 0
44 56 -0.37499999999999987
44 57 0
44 58 0.18749999999999994
44 59 0
44 60 0.18749999999999994
44 61 0
44 62 0
44 63 0
44 64 0
44 65 0
44 66 0
44 67 0
44 68 0
44 69 0
44 70 0
44 71 0
44 72 0
44 73 -0.018749999999999619
44 74 0
44 75 0
44 76 0.018749999999999619
44 77 -8.4703294725430034e-22
45 1 0
45 2 0
45 3 0
45 4 0
45 5 0
45 6 0
45 7 0
45 8 0
45 9 0
45 10 0
45 11 0
45 12 0
45 13 0
45 14 0
45 15 0
45 16 0
45 17 0
45 18 0
45 19 0
45 20 0
45 21 9.6130371093982141e-05
45 22 0.0015581130981445462
45 23 9.6130371093982141e-05
45 24 -0.0015581130981445462
45 25 0.013258252147247843
45 26 0.002209708691207989
45 27 0.0016572815184059778
45 28 0.0027621358640099402
45 29 0
45 30 0
45 31 0
45 32 0
45 33 0.013258252147247843
45 34 -0.002209708691207989
45 35 0.0016572815184059778
45 36 -0.0027621358640099402
45 37 0
45 38 0
45 39 0
45 40 0
45 41 0
45 42 0
45 43 0
45 44 0
45 45 0.091406250000001041
45 46 1.852884572118782e-22
45 47 3.3881317890172014e-21
45 48 -0.016406250000000434
45 49 0
45 50 0
45 51 0
45 52 0
45 53 0
45 54 0
45 55 0
45 56 0
45 57 0
45 58 0
45 59 0
45 60 0
45 61 0
45 62 0
45 63 0
45 64 0
45 65 0
45 66 0
45 67 0.37499999999999987
45 68 0
45 69 -0.18749999999999994
45 70 0
45 71 -0.18749999999999994
45 72 0
45 73 0
45 74 0.018749999999999619
45 75 0
45 76 -0.018749999999999619
45 77 0
46 1 0
46 2 0
46 3 0
46 4 0
46 5 0
46 6 0
46 7 0
46 8 0
46 9 0
46 10 0
46 11 0
46 12 0
46 13 0
46 14 0
46 15 0
46 16 0
46 17 0
46 18 0
46 19 0
46 20 0
46 21 0.0015741348266601654
46 22 0.00012817382812528
46 23 -0.0015741348266601654
46 24 0.00012817382812528
46 25 -0.0011048543456039841
46 26 0.0099436891104358846
46 27 -0.00055242717280200135
46 28 -0.0016572815184059711
46 29 0
46 30 0
46 31 0
46 32 0
46 33 0.0011048543456039841
46 34 0.0099436891104358846
46 35 0.00055242717280200135
46 36 -0.0016572815184059711
46 37 0
46 38 0
46 39 0
46 40 0
46 41 0
46 42 0
46 43 0
46 44 0
46 45 -5.8233515123733148e-22
46 46 0.10546875000000137
46 47 -0.0023437500000000212
46 48 -1.6940658945086007e-21
46 49 0
46 50 0
46 51 0
46 52 0
46 53 0
46 54 0
46 55 0
46 56 0
46 57 0
46 58 0
46 59 0
46 60 0
46 61 0
46 62 0
46 63 0
46 64 0
46 65 0
46 66 0
46 67 0
46 68 0.37499999999999987
46 69 0
46 70 -0.18749999999999994
46 71 0
46 72 -0.18749999999999994
46 73 0
46 74 -0.056249999999999416
46 75 0
46 76 -0.056249999999999416
46 77 -0.074999999999999157
47 1 0
47 2 0
47 3 0
47 4 0
47 5 0
47 6 0
47 7 0
47 8 0
47 9 0
47 10 0
47 11 0
47 12 0
47 13 0
47 14 0
47 15 0
47 16 0
47 17 0
47 18 0
47 19 0
47 20 0
47 21 -0.0077318191528322037
47 22 -7.2591650021979598e-18
47 23 0.0077318191528322037
47 24 -7.2592344853694143e-18
47 25 -0.0077339804192280266
47 26 -0.0011048543456039999
47 27 0.0027621358640101886
47 28 -0.00055242717280199615
47 29 0
47 30 0
47 31 0
47 32 0
47 33 0.0077339804192280266
47 34 -0.0011048543456039999
47 35 -0.0027621358640101886
47 36 -0.00055242717280199615
47 37 0
47 38 0
47 39 0
47 40 0
47 41 0
47 42 0
47 43 0
47 44 0
47 45 1.6940658945086007e-21
47 46 -0.0023437500000000212
47 47 0.086718750000002546
47 48 -4.7645603283054394e-22
47 49 0
47 50 0
47 51 0
47 52 0
47 53 0
47 54 0
47 55 0
47 56 0
47 57 0
47 58 0
47 59 0
47 60 0
47 61 0
47 62 0
47 63 0
47 64 0
47 65 0
47 66 0
47 67 -2.7669742937978115e-20
47 68 0
47 69 0.18750000000000119
47 70 0
47 71 -0.18750000000000119
47 72 0
47 73 0
47 74 0.068749999999999766
47 75 0
47 76 0.068749999999999766
47 77 0.049999999999999812
48 1 0
48 2 0
48 3 0
48 4 0
48 5 0
48 6 0
48 7 0
48 8 0
48 9 0
48 10 0
48 11 0
48 12 0
48 13 0
48 14 0
48 15 0
48 16 0
48 17 0
48 18 0
48 19 0
48 20 0
48 21 -0.0027877807617188398
48 22 -0.0067171096801759292
48 23 -0.0027877807617188398
48 24 0.0067171096801759292
48 25 1.2410289991806581e-18
48 26 -0.005155986946152024
48 27 0.000552427172801983
48 28 0.0023938510821421449
48 29 0
48 30 0
48 31 0
48 32 0
48 33 1.2409826770663551e-18
48 34 0.005155986946152024
48 35 0.000552427172801983
48 36 -0.0023938510821421449
48 37 0
48 38 0
48 39 0
48 40 0
48 41 0
48 42 0
48 43 0
48 44 0
48 45 -0.016406250000000434
48 46 1.6940658945086007e-21
48 47 -1.0587911840678754e-22
48 48 0.066406250000001933
48 49 0
48 50 0
48 51 0
48 52 0
48 53 0
48 54 0
48 55 0
48 56 0
48 57 0
48 58 0
48 59 0
48 60 0
48 61 0
48 62 0
48 63 0
48 64 0
48 65 0
48 66 0
48 67 0
48 68 -2.7669742937978115e-20
48 69 0
48 70 0.18750000000000119
48 71 0
48 72 -0.18750000000000119
48 73 0
48 74 -0.0062499999999999484
48 75 0
48 76 0.0062499999999999484
48 77 -1.5073069065219702e-22
49 1 -0.11785113019775793
49 2 0
49 3 -0.20623947784607695
49 4 0
49 5 0.041666666666667067
49 6 0
49 7 0.041666666666667067
49 8 0
49 9 0
49 10 0
49 11 0
49 12 0
49 13 -0.11785113019775793
49 14 0
49 15 -0.20623947784607695
49 16 0
49 17 0
49 18 0
49 19 0
49 20 0
49 21 0
49 22 0
49 23 0
49 24 0
49 25 0
49 26 0
49 27 0
49 28 0
49 29 -0.37499999999999987
49 30 0
49 31 -2.9363808832486909e-20
49 32 0
49 33 0
49 34 0
49 35 0
49 36 0
49 37 0
49 38 0
49 39 0
49 40 0
49 41 0
49 42 0
49 43 0
49 44 0
49 45 0
49 46 0
49 47 0
49 48 0
50 1 0
50 2 -0.11785113019775793
50 3 0
50 4 -0.20623947784607695
50 5 0
50 6 0.041666666666667067
50 7 0
50 8 0.041666666666667067
50 9 0
50 10 0
50 11 0
50 12 0
50 13 0
50 14 -0.11785113019775793
50 15 0
50 16 -0.20623947784607695
50 17 0
50 18 0
50 19 0
50 20 0
50 21 0
50 22 0
50 23 0
50 24 0
50 25 0
50 26 0
50 27 0
50 28 0
50 29 0
50 30 -0.37499999999999987
50 31 0
50 32 -2.9363808832486909e-20
50 33 0
50 34 0
50 35 0
50 36 0
50 37 0
50 38 0
50 39 0
50 40 0
50 41 0
50 42 0
50 43 0
50 44 0
50 45 0
50 46 0
50 47 0
50 48 0
51 1 -0.20623947784607666
51 2 0
51 3 -0.11785113019775821
51 4 0
51 5 0.16666666666666626
51 6 0
51 7 0.29166666666666667
51 8 0
51 9 0
51 10 0
51 11 0
51 12 0
51 13 -0.029462782549439179
51 14 0
51 15 -0.029462782549438597
51 16 0
51 17 0
51 18 0
51 19 0
51 20 0
51 21 0
51 22 0
51 23 0
51 24 0
51 25 0
51 26 0
51 27 0
51 28 0
51 29 0.18749999999999994
51 30 0
51 31 -0.18750000000000119
51 32 0
51 33 0
51 34 0
51 35 0
51 36 0
51 37 0
51 38 0
51 39 0
51 40 0
51 41 0
51 42 0
51 43 0
51 44 0
51 45 0
51 46 0
51 47 0
51 48 0
52 1 0
52 2 -0.20623947784607666
52 3 0
52 4 -0.11785113019775821
52 5 0
52 6 0.16666666666666626
52 7 0
52 8 0.29166666666666667
52 9 0
52 10 0
52 11 0
52 12 0
52 13 0
52 14 -0.029462782549439179
52 15 0
52 16 -0.029462782549438597
52 17 0
52 18 0
52 19 0
52 20 0
52 21 0
52 22 0
52 23 0
52 24 0
52 25 0
52 26 0
52 27 0
52 28 0
52 29 0
52 30 0.18749999999999994
52 31 0
52 32 -0.18750000000000119
52 33 0
52 34 0
52 35 0
52 36 0
52 37 0
52 38 0
52 39 0
52 40 0
52 41 0
52 42 0
52 43 0
52 44 0
52 45 0
52 46 0
52 47 0
52 48 0
53 1 -0.029462782549439179
53 2 0
53 3 -0.029462782549438597
53 4 0
53 5 0.29166666666666668
53 6 0
53 7 0.16666666666666626
53 8 0
53 9 0
53 10 0
53 11 0
53 12 0
53 13 -0.20623947784607666
53 14 0
53 15 -0.11785113019775821
53 16 0
53 17 0
53 18 0
53 19 0
53 20 0
53 21 0
53 22 0
53 23 0
53 24 0
53 25 0
53 26 0
53 27 0
53 28 0
53 29 0.18749999999999994
53 30 0
53 31 0.18750000000000119
53 32 0
53 33 0
53 34 0
53 35 0
53 36 0
53 37 0
53 38 0
53 39 0
53 40 0
53 41 0
53 42 0
53 43 0
53 44 0
53 45 0
53 46 0
53 47 0
53 48 0
54 1 0
54 2 -0.029462782549439179
54 3 0
54 4 -0.029462782549438597
54 5 0
54 6 0.29166666666666668
54 7 0
54 8 0.16666666666666626
54 9 0
54 10 0
54 11 0
54 12 0
54 13 0
54 14 -0.20623947784607666
54 15 0
54 16 -0.11785113019775821
54 17 0
54 18 0
54 19 0
54 20 0
54 21 0
54 22 0
54 23 0
54 24 0
54 25 0
54 26 0
54 27 0
54 28 0
54 29 0
54 30 0.18749999999999994
54 31 0
54 32 0.18750000000000119
54 33 0
54 34 0
54 35 0
54 36 0
54 37 0
54 38 0
54 39 0
54 40 0
54 41 0
54 42 0
54 43 0
54 44 0
54 45 0
54 46 0
54 47 0
54 48 0
55 1 0
55 2 0
55 3 0
55 4 0
55 5 0
55 6 0
55 7 0
55 8 0
55 9 0
55 10 0
55 11 0
55 12 0
55 13 0.11785113019775793
55 14 0
55 15 0.20623947784607695
55 16 0
55 17 0.036458333333333733
55 18 0
55 19 0.036458333333333733
55 20 0
55 21 0
55 22 0
55 23 0
55 24 0
55 25 -0.11785113019775793
55 26 0
55 27 -0.20623947784607695
55 28 0
55 29 0
55 30 0
55 31 0
55 32 0
55 33 0
55 34 0
55 35 0
55 36 0
55 37 0
55 38 0
55 39 0
55 40 0
55 41 -6.7762635780344027e-21
55 42 0
55 43 -0.37499999999999987
55 44 0
55 45 0
55 46 0
55 47 0
55 48 0
56 1 0
56 2 0
56 3 0
56 4 0
56 5 0
56 6 0
56 7 0
56 8 0
56 9 0
56 10 0
56 11 0
56 12 0
56 13 0
56 14 0.11785113019775793
56 15 0
56 16 0.20623947784607695
56 17 0
56 18 0.036458333333333733
56 19 0
56 20 0.036458333333333733
56 21 0
56 22 0
56 23 0
56 24 0
56 25 0
56 26 -0.11785113019775793
56 27 0
56 28 -0.20623947784607695
56 29 0
56 30 0
56 31 0
56 32 0
56 33 0
56 34 0
56 35 0
56 36 0
56 37 0
56 38 0
56 39 0
56 40 0
56 41 0
56 42 -6.7762635780344027e-21
56 43 0
56 44 -0.37499999999999987
56 45 0
56 46 0
56 47 0
56 48 0
57 1 0
57 2 0
57 3 0
57 4 0
57 5 0
57 6 0
57 7 0
57 8 0
57 9 0
57 10 0
57 11 0
57 12 0
57 13 0.20623947784607666
57 14 0
57 15 0.11785113019775821
57 16 0
57 17 -0.038736979166666659
57 18 0
57 19 0.0022786458333329245
57 20 0
57 21 0
57 22 0
57 23 0
57 24 0
57 25 -0.029462782549439179
57 26 0
57 27 -0.029462782549438597
57 28 0
57 29 0
57 30 0
57 31 0
57 32 0
57 33 0
57 34 0
57 35 0
57 36 0
57 37 0
57 38 0
57 39 0
57 40 0
57 41 0.18750000000000119
57 42 0
57 43 0.18749999999999994
57 44 0
57 45 0
57 46 0
57 47 0
57 48 0
58 1 0
58 2 0
58 3 0
58 4 0
58 5 0
58 6 0
58 7 0
58 8 0
58 9 0
58 10 0
58 11 0
58 12 0
58 13 0
58 14 0.20623947784607666
58 15 0
58 16 0.11785113019775821
58 17 0
58 18 -0.038736979166666659
58 19 0
58 20 0.0022786458333329245
58 21 0
58 22 0
58 23 0
58 24 0
58 25 0
58 26 -0.029462782549439179
58 27 0
58 28 -0.029462782549438597
58 29 0
58 30 0
58 31 0
58 32 0
58 33 0
58 34 0
58 35 0
58 36 0
58 37 0
58 38 0
58 39 0
58 40 0
58 41 0
58 42 0.18750000000000119
58 43 0
58 44 0.18749999999999994
58 45 0
58 46 0
58 47 0
58 48 0
59 1 0
59 2 0
59 3 0
59 4 0
59 5 0
59 6 0
59 7 0
59 8 0
59 9 0
59 10 0
59 11 0
59 12 0
59 13 0.029462782549439179
59 14 0
59 15 0.029462782549438597
59 16 0
59 17 0.0022786458333329207
59 18 0
59 19 -0.038736979166666668
59 20 0
59 21 0
59 22 0
59 23 0
59 24 0
59 25 -0.20623947784607666
59 26 0
59 27 -0.11785113019775821
59 28 0
59 29 0
59 30 0
59 31 0
59 32 0
59 33 0
59 34 0
59 35 0
59 36 0
59 37 0
59 38 0
59 39 0
59 40 0
59 41 -0.18750000000000119
59 42 0
59 43 0.18749999999999994
59 44 0
59 45 0
59 46 0
59 47 0
59 48 0
60 1 0
60 2 0
60 3 0
60 4 0
60 5 0
60 6 0
60 7 0
60 8 0
60 9 0
60 10 0
60 11 0
60 12 0
60 13 0
60 14 0.029462782549439179
60 15 0
60 16 0.029462782549438597
60 17 0
60 18 0.0022786458333329207
60 19 0
60 20 -0.038736979166666668
60 21 0
60 22 0
60 23 0
60 24 0
60 25 0
60 26 -0.20623947784607666
60 27 0
60 28 -0.11785113019775821
60 29 0
60 30 0
60 31 0
60 32 0
60 33 0
60 34 0
60 35 0
60 36 0
60 37 0
60 38 0
60 39 0
60 40 0
60 41 0
60 42 -0.18750000000000119
60 43 0
60 44 0.18749999999999994
60 45 0
60 46 0
60 47 0
60 48 0
61 1 0.11785113019775793
61 2 0
61 3 0.20623947784607695
61 4 0
61 5 0
61 6 0
61 7 0
61 8 0
61 9 0.036458333333333733
61 10 0
61 11 0.036458333333333733
61 12 0
61 13 0
61 14 0
61 15 0
61 16 0
61 17 0
61 18 0
61 19 0
61 20 0
61 21 0
61 22 0
61 23 0
61 24 0
61 25 0
61 26 0
61 27 0
61 28 0
61 29 0
61 30 0
61 31 0
61 32 0
61 33 -0.11785113019775793
61 34 0
61 35 -0.20623947784607695
61 36 0
61 37 -3.3881317890172014e-21
61 38 0
61 39 0.37499999999999987
61 40 0
61 41 0
61 42 0
61 43 0
61 44 0
61 45 0
61 46 0
61 47 0
61 48 0
62 1 0
62 2 0.11785113019775793
62 3 0
62 4 0.20623947784607695
62 5 0
62 6 0
62 7 0
62 8 0
62 9 0
62 10 0.036458333333333733
62 11 0
62 12 0.036458333333333733
62 13 0
62 14 0
62 15 0
62 16 0
62 17 0
62 18 0
62 19 0
62 20 0
62 21 0
62 22 0
62 23 0
62 24 0
62 25 0
62 26 0
62 27 0
62 28 0
62 29 0
62 30 0
62 31 0
62 32 0
62 33 0
62 34 -0.11785113019775793
62 35 0
62 36 -0.20623947784607695
62 37 0
62 38 -3.3881317890172014e-21
62 39 0
62 40 0.37499999999999987
62 41 0
62 42 0
62 43 0
62 44 0
62 45 0
62 46 0
62 47 0
62 48 0
63 1 0.029462782549439179
63 2 0
63 3 0.029462782549438597
63 4 0
63 5 0
63 6 0
63 7 0
63 8 0
63 9 0.0022786458333329245
63 10 0
63 11 -0.038736979166666659
63 12 0
63 13 0
63 14 0
63 15 0
63 16 0
63 17 0
63 18 0
63 19 0
63 20 0
63 21 0
63 22 0
63 23 0
63 24 0
63 25 0
63 26 0
63 27 0
63 28 0
63 29 0
63 30 0
63 31 0
63 32 0
63 33 -0.20623947784607666
63 34 0
63 35 -0.11785113019775821
63 36 0
63 37 -0.18750000000000119
63 38 0
63 39 -0.18749999999999994
63 40 0
63 41 0
63 42 0
63 43 0
63 44 0
63 45 0
63 46 0
63 47 0
63 48 0
64 1 0
64 2 0.029462782549439179
64 3 0
64 4 0.029462782549438597
64 5 0
64 6 0
64 7 0
64 8 0
64 9 0
64 10 0.0022786458333329245
64 11 0
64 12 -0.038736979166666659
64 13 0
64 14 0
64 15 0
64 16 0
64 17 0
64 18 0
64 19 0
64 20 0
64 21 0
64 22 0
64 23 0
64 24 0
64 25 0
64 26 0
64 27 0
64 28 0
64 29 0
64 30 0
64 31 0
64 32 0
64 33 0
64 34 -0.20623947784607666
64 35 0
64 36 -0.11785113019775821
64 37 0
64 38 -0.18750000000000119
64 39 0
64 40 -0.18749999999999994
64 41 0
64 42 0
64 43 0
64 44 0
64 45 0
64 46 0
64 47 0
64 48 0
65 1 0.20623947784607666
65 2 0
65 3 0.11785113019775821
65 4 0
65 5 0
65 6 0
65 7 0
65 8 0
65 9 -0.038736979166666668
65 10 0
65 11 0.0022786458333329207
65 12 0
65 13 0
65 14 0
65 15 0
65 16 0
65 17 0
65 18 0
65 19 0
65 20 0
65 21 0
65 22 0
65 23 0
65 24 0
65 25 0
65 26 0
65 27 0
65 28 0
65 29 0
65 30 0
65 31 0
65 32 0
65 33 -0.029462782549439179
65 34 0
65 35 -0.029462782549438597
65 36 0
65 37 0.18750000000000119
65 38 0
65 39 -0.18749999999999994
65 40 0
65 41 0
65 42 0
65 43 0
65 44 0
65 45 0
65 46 0
65 47 0
65 48 0
66 1 0
66 2 0.20623947784607666
66 3 0
66 4 0.11785113019775821
66 5 0
66 6 0
66 7 0
66 8 0
66 9 0
66 10 -0.038736979166666668
66 11 0
66 12 0.0022786458333329207
66 13 0
66 14 0
66 15 0
66 16 0
66 17 0
66 18 0
66 19 0
66 20 0
66 21 0
66 22 0
66 23 0
66 24 0
66 25 0
66 26 0
66 27 0
66 28 0
66 29 0
66 30 0
66 31 0
66 32 0
66 33 0
66 34 -0.029462782549439179
66 35 0
66 36 -0.029462782549438597
66 37 0
66 38 0.18750000000000119
66 39 0
66 40 -0.18749999999999994
66 41 0
66 42 0
66 43 0
66 44 0
66 45 0
66 46 0
66 47 0
66 48 0
67 1 0
67 2 0
67 3 0
67 4 0
67 5 0
67 6 0
67 7 0
67 8 0
67 9 0
67 10 0
67 11 0
67 12 0
67 13 0
67 14 0
67 15 0
67 16 0
67 17 0
67 18 0
67 19 0
67 20 0
67 21 0.036458333333333733
67 22 0
67 23 0.036458333333333733
67 24 0
67 25 0.11785113019775793
67 26 0
67 27 0.20623947784607695
67 28 0
67 29 0
67 30 0
67 31 0
67 32 0
67 33 0.11785113019775793
67 34 0
67 35 0.20623947784607695
67 36 0
67 37 0
67 38 0
67 39 0
67 40 0
67 41 0
67 42 0
67 43 0
67 44 0
67 45 0.37499999999999987
67 46 0
67 47 1.1293772686680962e-21
67 48 0
68 1 0
68 2 0
68 3 0
68 4 0
68 5 0
68 6 0
68 7 0
68 8 0
68 9 0
68 10 0
68 11 0
68 12 0
68 13 0
68 14 0
68 15 0
68 16 0
68 17 0
68 18 0
68 19 0
68 20 0
68 21 0
68 22 0.036458333333333733
68 23 0
68 24 0.036458333333333733
68 25 0
68 26 0.11785113019775793
68 27 0
68 28 0.20623947784607695
68 29 0
68 30 0
68 31 0
68 32 0
68 33 0
68 34 0.11785113019775793
68 35 0
68 36 0.20623947784607695
68 37 0
68 38 0
68 39 0
68 40 0
68 41 0
68 42 0
68 43 0
68 44 0
68 45 0
68 46 0.37499999999999987
68 47 0
68 48 1.1293772686680962e-21
69 1 0
69 2 0
69 3 0
69 4 0
69 5 0
69 6 0
69 7 0
69 8 0
69 9 0
69 10 0
69 11 0
69 12 0
69 13 0
69 14 0
69 15 0
69 16 0
69 17 0
69 18 0
69 19 0
69 20 0
69 21 -0.038736979166666659
69 22 0
69 23 0.0022786458333329244
69 24 0
69 25 0.20623947784607666
69 26 0
69 27 0.11785113019775821
69 28 0
69 29 0
69 30 0
69 31 0
69 32 0
69 33 0.029462782549439179
69 34 0
69 35 0.029462782549438597
69 36 0
69 37 0
69 38 0
69 39 0
69 40 0
69 41 0
69 42 0
69 43 0
69 44 0
69 45 -0.18749999999999994
69 46 0
69 47 0.18750000000000119
69 48 0
70 1 0
70 2 0
70 3 0
70 4 0
70 5 0
70 6 0
70 7 0
70 8 0
70 9 0
70 10 0
70 11 0
70 12 0
70 13 0
70 14 0
70 15 0
70 16 0
70 17 0
70 18 0
70 19 0
70 20 0
70 21 0
70 22 -0.038736979166666659
70 23 0
70 24 0.0022786458333329244
70 25 0
70 26 0.20623947784607666
70 27 0
70 28 0.11785113019775821
70 29 0
70 30 0
70 31 0
70 32 0
70 33 0
70 34 0.029462782549439179
70 35 0
70 36 0.029462782549438597
70 37 0
70 38 0
70 39 0
70 40 0
70 41 0
70 42 0
70 43 0
70 44 0
70 45 0
70 46 -0.18749999999999994
70 47 0
70 48 0.18750000000000119
71 1 0
71 2 0
71 3 0
71 4 0
71 5 0
71 6 0
71 7 0
71 8 0
71 9 0
71 10 0
71 11 0
71 12 0
71 13 0
71 14 0
71 15 0
71 16 0
71 17 0
71 18 0
71 19 0
71 20 0
71 21 0.0022786458333329207
71 22 0
71 23 -0.038736979166666668
71 24 0
71 25 0.029462782549439179
71 26 0
71 27 0.029462782549438597
71 28 0
71 29 0
71 30 0
71 31 0
71 32 0
71 33 0.20623947784607666
71 34 0
71 35 0.11785113019775821
71 36 0
71 37 0
71 38 0
71 39 0
71 40 0
71 41 0
71 42 0
71 43 0
71 44 0
71 45 -0.18749999999999994
71 46 0
71 47 -0.18750000000000119
71 48 0
72 1 0
72 2 0
72 3 0
72 4 0
72 5 0
72 6 0
72 7 0
72 8 0
72 9 0
72 10 0
72 11 0
72 12 0
72 13 0
72 14 0
72 15 0
72 16 0
72 17 0
72 18 0
72 19 0
72 20 0
72 21 0
72 22 0.0022786458333329207
72 23 0
72 24 -0.038736979166666668
72 25 0
72 26 0.029462782549439179
72 27 0
72 28 0.029462782549438597
72 29 0
72 30 0
72 31 0
72 32 0
72 33 0
72 34 0.20623947784607666
72 35 0
72 36 0.11785113019775821
72 37 0
72 38 0
72 39 0
72 40 0
72 41 0
72 42 0
72 43 0
72 44 0
72 45 0
72 46 -0.18749999999999994
72 47 0
72 48 -0.18750000000000119
73 1 0.0029462782549439523
73 2 -0.0029462782549438949
73 3 0.0058925565098879813
73 4 -8.098630239464135e-17
73 5 -0.012499999999999788
73 6 0.020833333333333125
73 7 0.0041666666666665582
73 8 0.0041666666666666988
73 9 0
73 10 0
73 11 0
73 12 0
73 13 0.029462782549438973
73 14 0.029462782549438973
73 15 0.005892556509887525
73 16 0.005892556509887525
73 17 -0.0190551757812497
73 18 0.012276204427083122
73 19 -0.0032755533854166535
73 20 -0.0040730794270832245
73 21 0
73 22 0
73 23 0
73 24 0
73 25 0.0029462782549438949
73 26 -0.0029462782549439523
73 27 8.098630239464135e-17
73 28 -0.0058925565098879813
73 29 0.018749999999999619
73 30 -0.056249999999999416
73 31 0.068749999999999766
73 32 -0.0062499999999999484
73 33 0
73 34 0
73 35 0
73 36 0
73 37 0
73 38 0
73 39 0
73 40 0
73 41 0.0062499999999999484
73 42 -0.068749999999999766
73 43 0.056249999999999416
73 44 -0.018749999999999619
73 45 0
73 46 0
73 47 0
73 48 0
74 1 0.0029462782549438949
74 2 -0.0029462782549439523
74 3 8.0986514152878164e-17
74 4 -0.0058925565098879813
74 5 0
74 6 0
74 7 0
74 8 0
74 9 0.0032755533854166535
74 10 0.0040730794270832245
74 11 0.0190551757812497
74 12 -0.012276204427083122
74 13 0
74 14 0
74 15 0
74 16 0
74 17 0
74 18 0
74 19 0
74 20 0
74 21 -0.0040730794270832245
74 22 -0.0032755533854166535
74 23 0.012276204427083122
74 24 -0.0190551757812497
74 25 0.0029462782549439523
74 26 -0.0029462782549438949
74 27 0.0058925565098879813
74 28 -8.0986620031996571e-17
74 29 0
74 30 0
74 31 0
74 32 0
74 33 0.029462782549438973
74 34 0.029462782549438973
74 35 0.005892556509887525
74 36 0.005892556509887525
74 37 0.0062499999999999484
74 38 -0.068749999999999766
74 39 0.056249999999999416
74 40 -0.018749999999999619
74 41 0
74 42 0
74 43 0
74 44 0
74 45 0.018749999999999619
74 46 -0.056249999999999416
74 47 0.068749999999999766
74 48 -0.0062499999999999484
75 1 -0.029462782549438973
75 2 0.029462782549438973
75 3 -0.005892556509887525
75 4 0.005892556509887525
75 5 -0.0041666666666665582
75 6 0.0041666666666666988
75 7 0.012499999999999788
75 8 0.020833333333333125
75 9 0.0190551757812497
75 10 0.012276204427083122
75 11 0.0032755533854166535
75 12 -0.0040730794270832245
75 13 -0.0029462782549439523
75 14 -0.0029462782549438949
75 15 -0.0058925565098879813
75 16 -8.0986408273759757e-17
75 17 0
75 18 0
75 19 0
75 20 0
75 21 0
75 22 0
75 23 0
75 24 0
75 25 0
75 26 0
75 27 0
75 28 0
75 29 -0.018749999999999619
75 30 -0.056249999999999416
75 31 0.068749999999999766
75 32 0.0062499999999999484
75 33 -0.0029462782549438949
75 34 -0.0029462782549439523
75 35 -8.0986249455082147e-17
75 36 -0.0058925565098879813
75 37 -0.0062499999999999484
75 38 -0.068749999999999766
75 39 0.056249999999999416
75 40 0.018749999999999619
75 41 0
75 42 0
75 43 0
75 44 0
75 45 0
75 46 0
75 47 0
75 48 0
76 1 0
76 2 0
76 3 0
76 4 0
76 5 0
76 6 0
76 7 0
76 8 0
76 9 0
76 10 0
76 11 0
76 12 0
76 13 -0.0029462782549438949
76 14 -0.0029462782549439523
76 15 -8.098630239464135e-17
76 16 -0.0058925565098879813
76 17 -0.0032755533854166535
76 18 0.0040730794270832245
76 19 -0.0190551757812497
76 20 -0.012276204427083122
76 21 -0.012276204427083122
76 22 -0.0190551757812497
76 23 0.0040730794270832245
76 24 -0.0032755533854166535
76 25 -0.029462782549438973
76 26 0.029462782549438973
76 27 -0.005892556509887525
76 28 0.005892556509887525
76 29 0
76 30 0
76 31 0
76 32 0
76 33 -0.0029462782549439523
76 34 -0.0029462782549438949
76 35 -0.0058925565098879814
76 36 -8.0986408273759757e-17
76 37 0
76 38 0
76 39 0
76 40 0
76 41 -0.0062499999999999484
76 42 -0.068749999999999766
76 43 0.056249999999999416
76 44 0.018749999999999619
76 45 -0.018749999999999619
76 46 -0.056249999999999416
76 47 0.068749999999999766
76 48 0.0062499999999999484
77 1 -0.0058925565098877569
77 2 0.0058925565098877569
77 3 -0.029462782549438825
77 4 0.029462782549438825
77 5 -0.0041666666666665696
77 6 -0.0041666666666664657
77 7 0.0041666666666665696
77 8 -0.0041666666666664657
77 9 -0.004101562499999802
77 10 0.0041585286458332362
77 11 -0.004101562499999802
77 12 -0.0041585286458332362
77 13 0.0058925565098877569
77 14 0.0058925565098877569
77 15 0.029462782549438825
77 16 0.029462782549438825
77 17 0.004101562499999802
77 18 0.0041585286458332362
77 19 0.004101562499999802
77 20 -0.0041585286458332362
77 21 -0.0041585286458332362
77 22 0.004101562499999802
77 23 0.0041585286458332362
77 24 0.004101562499999802
77 25 -0.0058925565098877569
77 26 0.0058925565098877569
77 27 -0.029462782549438825
77 28 0.029462782549438825
77 29 0
77 30 -0.074999999999999157
77 31 0.049999999999999812
77 32 -3.1616681065551862e-22
77 33 0.0058925565098877569
77 34 0.0058925565098877569
77 35 0.029462782549438825
77 36 0.029462782549438825
77 37 -8.4703294725430034e-22
77 38 -0.049999999999999812
77 39 0.074999999999999157
77 40 0
77 41 0
77 42 -0.049999999999999812
77 43 0.074999999999999157
77 44 0
77 45 0
77 46 -0.074999999999999157
77 47 0.049999999999999812
77 48 -6.0439330215905218e-22
