0.29782770406499201
0.11617952118244176
0.72259721811124279
-2.2402726551249428
0
0
0
0
0
0
0
0
0.35936326053746065
-3.4940908346003102
-3.9972574723157723
-8.856307339450181
0.034830515181308376
-2.8624777266423655
-2.3889765124448681
-4.0596196167260656
1.5492819585765637
-0.3447168521559588
0.49558432946847755
-1.9099049099592115
-1.0291339393108214
1.0991276048581359
2.4179449573343115
-3.2513173330953818
1.9028628918662611
3.5696869604356062
0.2824786628670175
2.297128750912296
-0.12489101841991249
0.081603107763822154
1.140803873062591
-1.0221143683522523
-1.0981234794203655
-2.491763593142274
-1.0170658727875559
-0.49780004743718456
-1.8142635667187445
-4.4984325762009517
-6.5442981601725167
-3.6298967886299279
-4.140399180818013
1.9535380225834093
-0.066454557571939211
5.6538979345409039
0.98410175411413569
9.1427333642638987
1.2497534076222176
1.8036257597093791
0.79444999211458105
2.8718648763823572
-0.011042672964366673
2.3585625248659105
-0.013800914274256536
-3.3556233368092576
-1.5329572468766637
-1.3356528804659534
1.6046870944610733
-0.31496865735422714
1.982920910651467
0.75805860722986917
-1.8436754266178158
-0.035916688088539488
-0.99708136067327377
-0.038038581677011084
1.31908987086016
-0.18357016389167058
1.1008620338471364
0.64709795335942812
-5.9145324439237783
-5.7231704177232462
-5.2880496518969689
-8.6618728228890512
-4.8577268717064327
13.787802357330138
-1.7575903648084212
-3.9924597775257249
-0.81804593083551913
6.4199544500742093
-3.7310264250251974
-2.6150624473344369
0.0077644334868944102
-2.214314627449878
1.974124839039989
-4.1577604586237275
0
0
0
0
0.31882722730987714
-1.5435481604617744
-0.70695342299409772
-0.80100215048560974
-4.5129970869992007
-8.9135127403775565
-0.050190229142125506
-7.9710158414283832
1.9481656541429297
-0.28737861953599027
1.1532820248636398
2.9702306638539194
-2.9065254827709078
-2.6274589115404956
-2.2608863932715119
-5.6294434958187298
-7.6177897796578282
-20.014107433198023
-2.4958811632774411
-2.1906724133016515
4.0760966476599731
8.0369649809833382
4.068197770305921
4.0832971593605784
0
0
0
0
-1.6839618408151764
-3.8842768299574261
0.46260024346418272
-2.4864750377679789
-1.4766439475533067
0.72002142808570934
0.26300428965744309
2.2591859410533755
1.7296944379339478
-0.73607678522188113
1.9399104098759931
-0.04133844905837531
0.46531920567005777
-2.7299575970564677
2.1491100944872208
-1.0635763727302679
0
0
0
0
2.4050142454702749
-0.84149353924771189
1.512502391001699
-1.5784740346251588
-0.51258936521159667
1.4717247751895979
-1.0091474426565531
-0.43886873132203405
0.11427643411442809
-1.6916258630667506
-0.081597746950271533
-1.0424969672827097
2.9622919940873244
2.0519711543562063
1.9370859260492165
-1.8156613056544777
1.4638463116953884
4.1104035657507589
0.58070235701573248
2.5305152238525785
-2.0947604784425394
-3.7037072597211822
-3.4239628230519488
-1.8750720750716861
3.590742184655158
-0.92514826287865884
4.0862712414083289
4.1191423995390592
0
0
0
0
-1.1210707496660066
-3.4696738323283927
0.44230141332941878
-1.9570956322359069
1.0711972950062155
2.2769379154106179
2.103123793430578
10.056253373151938
0
0
0
0
0.44461199385756395
1.2683515168197483
1.4162760860350164
7.3399255223897899
0.89706625469578521
3.0850477937845231
3.056424955270452
5.4983809574272304
-0.13277295651795528
-5.2612822049516629
-2.2450728048876618
-5.7564306655139755
0.57940318007449619
1.9135938305767946
2.1072719793547919
6.7221977336345732
-0.552795042774346
1.9750812563245603
2.02337954125737
3.7111953462567657
-0.21079037494703091
1.3209781858858186
1.1411949198934143
4.6603622444780821
4.9796918252876479
5.1890377646210397
4.7211219150074134
9.9073124834046677
-2.2617427530055215
-5.1592179568366553
-4.6409670364842638
-6.4744039073095252
4.8850294366397274
3.7522513237212807
4.2535783658376456
6.5262615493823211
1.7557561936023879
3.7421782842800034
3.7396800697867291
4.976926380813215
-4.7130459786878668
-3.625542867568634
-2.4039311202173781
-4.0161462216482048
3.5710564421130495
4.0161064895976607
3.9965059251498602
5.5941206120569495
1.2286389376620458
3.5264321014121185
3.5848603195225562
1.8832159288103876
2.5475609161945048
3.8896839703770396
3.8008857489810239
2.9473170621586328
-0.57868614639442236
0.12555247827961862
0.14750455991422504
1.7154743618829611
0
0
0
0
-0.33967497340643333
0.44580682498064427
0.42364592532563734
3.481336150355492
-1.3903650550260911
0.17760474694161842
0.20916310433959289
0.78394961604673887
0
0
0
0
-2.1356627056593715
0.2516117215950976
0.2400417302393949
0.48455984381900852
-1.482355552256989
1.5792929195429706
1.6272306309161282
1.8908348925103919
2.1464450904345867
0.10076071560796631
2.2160485047266173
-1.0596614896613904
-2.1410325924781898
0.67471786234678012
0.59003383247945521
0.65845232044393486
-1.5696181153248649
1.3620318551462177
1.367722449734991
0.050865320128827954
-2.2085981059444899
0.44054450282159405
0.53628325802535388
-0.28878175056326216
-1.0061960773180828
-0.1812711694145658
-0.23278271133341619
-0.64980590227049993
0
0
0
0
-1.6333629705097868
-0.0027350644072520127
0.030988023056902726
-0.35769178420503136
-0.65569229728844616
-0.23805029257782712
-0.16613263388036314
-0.9910575417850959
0
0
0
0
-0.43597229720841637
0.12166013987554338
0.096570379148281893
-1.7036289705510297
-0.94607735811316456
1.7140634918625366
1.6736947797831397
-0.70642856781662881
0.14154973186431437
-3.0276002927012362
1.9359952429684019
-1.9611443001852084
-0.64312785662425846
0.9684859910788216
0.81106215858869526
-2.2200356295426751
0.19953922728555889
2.8441110030121003
2.8467411643208969
-0.220636654520801
0.11377516140183795
1.6875566442908826
1.8786652763366093
-2.5844953356629496
-0.5253294046896602
3.8099442775667229
3.5027458118308901
-3.3757303423831268
-1.9024941532731845
-4.3583449981454918
-3.5101689427606272
-0.64295693904535319
1.9568236710476713
3.304291879622231
3.5501513254000787
1.6227008172122035
0.35192355069861508
1.8571654877090557
1.7611490164974956
-5.5889736497219819
0
0
0
0
0.33137034763094652
1.1906563967878763
1.249940429614789
-3.7356542504373181
1.6648674550735996
0.79879382931238282
0.29882528644252493
0.22874043467721784
1.1435709523397926
0.072088477114459669
-0.098837629405375962
-0.068189646904167394
1.2013119745271189
0.18745061958621351
0.12423827114267128
0.074050715247178684
3.7500403053487438
1.0410713256095308
3.8653064150258398
1.506983409178801
3.1953451402047062
0.88953666079610639
1.2407380899904618
-0.55546144719939531
0.90709053856598858
0.031264189513835493
0.15791913353279378
-0.15887158934455135
3.3608747764896436
1.4050380741689598
3.1900836774057799
0.87325804681379411
3.8724514001747611
1.5177930709196551
3.5371803721526716
-0.1891040996061976
2.8392089525723716
-0.21824467308017487
3.5086576298193086
-0.93930518670830893
-0.079013516241206121
0.061296683905052068
0.056425960842108937
-0.04596190580124786
0.92629475789898267
-0.06563861236271883
2.8683175779199353
-0.91148681308100982
3.5095276360103263
-0.93902920781634032
2.8418244069784798
-0.22106423087624482
2.2805365806262442
0.54912447741242075
1.1829023779882112
0.23293001873771653
2.0099738757165059
0.20646171549358699
0.93897460434974035
0.045627865027639162
2.0419802282885788
0.220010976772846
1.1413567705138818
0.21574103158681864
2.2870328171195537
0.56644419599136873
2.0259362040771061
0.16293539693677363
3.1870975622326717
0.8424496048779496
2.9354927400709839
0.36877326116793088
3.1482996281237037
0.83596925364246289
2.0629173690260417
0.17711625993828719
2.9334877608424165
0.34991115571756943
2.0622484561211523
0.22960733429958994
2.8347450451261085
-0.18024663942791663
1.9931891923652884
-0.18710323718748831
2.8761337673791576
-0.19679186576032858
2.0171068951807777
0.24857755299049204
0.94273216149670551
0.083096554061010545
0.92170790191347973
-0.084243744783618447
2.0230431605373618
0.16076159664426028
1.9963165618940396
-0.16347385114375074
1.9931555196301938
0.18065432868747762
0.9574411353163531
-0.10159599714119936
1.6404609040956987
0.79786660589246472
1.1911236435321109
0.09224272897802797
2.6792691349546017
1.2026451047164153
2.282630177163148
0.55517032588856036
2.6491082057900021
1.1358591409261159
1.214736270197565
0.17542071400365513
2.3036562702845165
0.55291224797403949
3.1742805893648371
0.85171814518128497
2.6196700801455641
1.149108976685979
-0.015165155675219809
-0.016132571954347
-0.070712061212616564
-0.015353343513292488
1.073437487639199
0.13732657305146617
0.9396334151516057
0.064307276535944163
1.0927519584622372
0.15516674886494324
-0.092393647252588353
-0.036276620100046547
0.92916850012772374
0.061365193713228872
-0.069686928972302501
0.018824466658197736
0.91354531042178371
-0.024186010352014603
3.3788702244969245
1.418467160012713
2.6450823009744375
1.1946037025327566
3.1529514491704161
0.8223097083281854
3.7589381707408581
1.0431451495063121
3.1623796252315291
0.87777289358120408
3.60365306021009
0.51840953740020324
2.9409080694829134
0.36145131755571696
3.62877425952858
0.51960701033871299
3.1325713540833506
0.87355158696624128
2.9363906319106217
0.3674109251680833
2.8240141601767266
-0.21573934224175909
3.6370995504897916
0.4958269431996841
3.5390697670185197
-0.16365889025421727
3.6116808307092963
0.51636127436272675
2.8416031537761264
-0.22949771530208769
2.8951952428677516
-0.90847363080829967
2.832420856167652
-0.22084214566728694
2.1597823395054906
-0.83489966454654826
2.008282130190194
-0.16714069608298526
2.1245416094805638
-0.79777697391687437
2.8601705792350671
-0.24413161584262641
1.9945088382558913
-0.18114027697740607
0.99083689851066408
-0.026308940242111044
2.1525804506334788
-0.75492466444277217
-0.030872165520128531
0.020568108779822164
0.87969840555061536
-0.025993734987145087
-0.040467024593683726
0.020381473403155018
1.2253567000122738
-0.56732536747658373
2.179469189232631
-0.81377068127525612
0.96137786839002972
0.051866685088301188
5.8407142852722147
2.7870027533802635
1.601794118702722
4.0063522255067403
2.6886433480219359
3.4658816405369167
2.3133348159990635
1.5882180086715179
3.3866320188526656
2.8796468681856805
2.4155484495121135
2.7462848082302601
2.5905318020956172
4.5224189192135583
2.9752001003858786
1.3064313271469921
2.3089754351779627
2.3067634813750722
1.9846434818636833
2.6713124837917416
3.1595496251940878
2.4521650226223736
2.8932518732542982
0.86074373920486198
3.9456859464149474
