29
177
178
179
180
181
182
183
184
185
186
187
188
225
226
227
228
229
230
231
232
233
234
235
236
273
277
278
280
282
29
189
190
191
192
193
194
201
202
203
204
205
206
237
238
239
240
241
242
243
244
245
246
247
248
275
277
278
279
283
29
195
196
197
198
199
200
213
214
215
216
217
218
261
262
263
264
265
266
267
268
269
270
271
272
276
277
280
281
285
29
207
208
209
210
211
212
219
220
221
222
223
224
249
250
251
252
253
254
255
256
257
258
259
260
274
277
279
281
284
57
225
226
227
228
229
230
231
232
233
234
235
236
237
238
239
240
241
242
243
244
245
246
247
248
249
250
251
252
253
254
255
256
257
258
259
260
261
262
263
264
265
266
267
268
269
270
271
272
277
278
279
280
281
282
283
284
285
30
177
178
179
180
181
182
201
202
203
204
205
206
225
226
227
228
229
230
237
238
239
240
241
242
273
275
277
278
282
283
30
189
190
191
192
193
194
207
208
209
210
211
212
243
244
245
246
247
248
249
250
251
252
253
254
274
275
277
279
283
284
30
183
184
185
186
187
188
213
214
215
216
217
218
231
232
233
234
235
236
261
262
263
264
265
266
273
276
277
280
282
285
30
195
196
197
198
199
200
219
220
221
222
223
224
255
256
257
258
259
260
267
268
269
270
271
272
274
276
277
281
284
285
29
177
178
179
180
181
182
183
184
185
186
187
188
225
226
227
228
229
230
231
232
233
234
235
236
273
277
278
280
282
29
189
190
191
192
193
194
201
202
203
204
205
206
237
238
239
240
241
242
243
244
245
246
247
248
275
277
278
279
283
29
207
208
209
210
211
212
219
220
221
222
223
224
249
250
251
252
253
254
255
256
257
258
259
260
274
277
279
281
284
29
195
196
197
198
199
200
213
214
215
216
217
218
261
262
263
264
265
266
267
268
269
270
271
272
276
277
280
281
285
