40
5
6
7
8
13
14
15
16
41
42
43
44
49
50
51
52
73
74
75
76
97
98
99
100
101
102
103
104
105
106
107
108
109
110
111
112
113
114
115
116
40
1
2
3
4
9
10
11
12
53
54
55
56
57
58
59
60
61
62
63
64
117
118
119
120
121
122
123
124
125
126
127
128
129
130
131
132
133
134
135
136
40
25
26
27
28
45
46
47
48
77
78
79
80
81
82
83
84
85
86
87
88
157
158
159
160
161
162
163
164
165
166
167
168
169
170
171
172
173
174
175
176
40
33
34
35
36
65
66
67
68
69
70
71
72
89
90
91
92
93
94
95
96
137
138
139
140
141
142
143
144
145
146
147
148
149
150
151
152
153
154
155
156
64
17
18
19
20
21
22
23
24
29
30
31
32
37
38
39
40
101
102
103
104
105
106
107
108
113
114
115
116
121
122
123
124
125
126
127
128
133
134
135
136
141
142
143
144
145
146
147
148
153
154
155
156
161
162
163
164
165
166
167
168
173
174
175
176
36
5
6
7
8
13
14
15
16
29
30
31
32
53
54
55
56
57
58
59
60
97
98
99
100
105
106
107
108
117
118
119
120
125
126
127
128
36
9
10
11
12
37
38
39
40
61
62
63
64
65
66
67
68
69
70
71
72
129
130
131
132
133
134
135
136
137
138
139
140
145
146
147
148
36
17
18
19
20
25
26
27
28
41
42
43
44
73
74
75
76
77
78
79
80
109
110
111
112
113
114
115
116
157
158
159
160
165
166
167
168
36
21
22
23
24
45
46
47
48
85
86
87
88
89
90
91
92
93
94
95
96
149
150
151
152
153
154
155
156
169
170
171
172
173
174
175
176
32
13
14
15
16
49
50
51
52
73
74
75
76
97
98
99
100
101
102
103
104
105
106
107
108
109
110
111
112
113
114
115
116
32
1
2
3
4
57
58
59
60
61
62
63
64
117
118
119
120
121
122
123
124
125
126
127
128
129
130
131
132
133
134
135
136
32
33
34
35
36
69
70
71
72
93
94
95
96
137
138
139
140
141
142
143
144
145
146
147
148
149
150
151
152
153
154
155
156
32
25
26
27
28
81
82
83
84
85
86
87
88
157
158
159
160
161
162
163
164
165
166
167
168
169
170
171
172
173
174
175
176
