0.011001187543421635
0.0034944233555858694
0.0071076826811485742
0.0022557199565379055
0.036155744491287604
0.0090307250567399265
-0.005296001631180565
-0.0041170371505799545
-0.0095649239352436124
-0.0099479255521927994
-0.010763510612264168
-0.0085786893756282762
-0.011992747559544567
-0.008566588214497665
-0.017591298396098189
-0.012848930970097251
0
0
0
0
-0.0049524144668183857
-0.0031362898860553938
-0.0093979069577718337
-0.024611650469613912
0.028894961688486307
0.0097295253092910603
0.0113351406986755
0.0010515261509929815
0.014584842753573593
0.011388038527994132
0.015013312118207189
0.0095009401123885488
0.011749906168475677
0.013913211459943995
0.0092679604474483626
0.010494114337840191
-0.0035415666860863372
0.0010116246818269055
-0.0096307912757753752
-0.0081222659330969716
0.030019709420612932
0.010295350399539125
0.024306901252900171
0.0069550795368089587
-0.0029817093951702618
0.0022358694301917772
-0.019708141033400126
-0.0061092153814081427
0.0081748853126100375
0.018572439278943758
-0.00039233082133764146
0.010195881044693358
0
0
0
0
0.0073503722922526556
-0.00016739962234419261
-0.0031119758004810227
-0.0055244578751843622
0.0060169238584489775
-0.0037643174494206707
-0.004741226954054211
0.0069199299098486142
0.006615567821394751
0.0026411407247375463
0.0044736506814110838
-0.0030256506314477875
0.022407329312430568
0.019643027740813016
0.00052125245044718727
0.0069831458566935599
0
0
0
0
-0.0022881736208349281
-0.0012636234274185485
-0.0037386199968297072
-0.0027733637130543259
-0.0058312753220130298
0.006180426892432524
-0.00075984386173674135
0.010626385286119838
-0.0069348435366307588
0.0041567552825589581
-0.00036436513359068632
0.0073903675896316785
-0.00086933937494009889
0.00209983607028536
-0.013480982049761709
-0.0045495551447548451
0.0071873953276776653
0.0015776282849844723
0.0085804236448161809
0.0022218320740551427
-0.0052865305366846939
-0.0024588695771238823
-0.0054095675314157145
0.00063295678513284868
0
0
0
0
-0.0095238312760639822
-0.0070542557584414091
-0.009110567059151483
-0.0099284745920612436
0
0
0
0
-0.017759585186575057
-0.015152548652379734
-0.0093720567792239937
-0.0039956817679710565
0.056759986579863246
-0.0044346753321308961
-0.0064671706202790423
0.0054971075059364438
-0.02768019123556672
-0.022883167126440352
-0.0031795516244716625
-0.0016879645184100961
0.0009549817505950043
0.0056976460062602426
0.015115974074000469
0.0097760157072745678
0.0017387988891298839
-0.005937740433717733
0.0241751806532891
0.006936588083182978
-0.022179283820982453
-0.019320887720892321
-0.0091199818261078316
-0.009284689449510219
0.005197062371358665
0.012676183471101592
0.025789752416872039
0.023307739055028362
-0.001442204256840637
0.00076166394510928432
0.0072444058994480349
0.0086850445637673334
-0.019453410237858099
-0.018339597711527284
-0.0092375832719652663
-0.0078821813613927201
0.0048968499205412576
0.0017204129357132843
0.002599665973127017
0.00061991627937864669
0
0
0
0
0.017507055908260322
0.016204137012505147
0.016340667893022226
0.01464419760567343
-0.029110057767991844
-0.0092445666677096444
-0.0093718133438257735
-0.003060642259539892
0
0
0
0
-0.013708366791528011
-0.0046522116393683634
-0.010770256483508701
-0.0032639521640104516
0
0.01
0
0.01
0.013130031239529559
0.017500749946980634
0.0095574697653106549
0.014286289013755398
-0.001684826516450252
0.010015001510509796
0.010870677364880686
0.011689380331597858
-0.006472151532868596
0.0047049677447393558
-0.021405044055209655
-0.0070895178778091207
0.021681621649598005
0.0077689443496665946
0.0046721824349193666
-0.0057816153501933768
0
0
0
0
0.018757711226158034
0.0063888821623165611
0.0091149944413949163
0.0014480435466098458
0.017508428930966022
0.0036507919212584584
0.026562188299625825
0.0087404756255643976
-0.024576387604553408
-0.0074976590715131881
-0.0075040498051665555
-0.002196723236705253
-0.0017491278553428018
-0.0062893902316202556
0.0091385953222460961
0.0014687083688660062
-0.0031569655198733316
0.0064210196013710086
-0.01978769188684796
-0.0050286500567993039
-0.0078976489775663049
-0.0069946168341034888
-0.0092934480559151843
-0.0075279888742634505
-0.0070735446454982744
-0.010571070005572267
0.0020914346824316371
-0.0033158120217591265
0.029967481682440459
0.010184476418843262
0.013754989943991046
0.0018424906765137441
0.0021639287039708044
-0.0031982150085537282
0.0069372331083442011
0.00022175171198498132
0.010239356222283435
0.0087407222214342042
0.0091340817586184811
0.0087005540355597952
-0.013994933971644911
-0.0047543887247023166
-0.0094578475371235356
-0.0084116685998815302
0.013032127634139508
0.008161848593410092
0.0073582303419614306
0.0080819011360375813
0.016324082600863312
0.012473010571902009
0.013500360385524948
0.0098624219125595813
-0.0036850800702990816
-0.0065078689775037447
-0.0093160593487916613
-0.0033955168336748069
0.014442016021882977
0.0088223724235949749
0.0078318331495088435
0.0056316013344469363
0.012553526030923769
0.010936080828563509
0.010189840411231877
0.0054050758485047111
0.0096651484529135079
0.005667456307667405
0.0067694459798938679
0.0019129566183989304
-0.016824629776589762
0.0017376530522467713
0.0024068814497386842
-0.0073359242131627885
-0.012129104495812998
0.0014957401295791178
0.0056175045919128382
4.3590857349916815e-05
0.0025045601048331169
0.0028396018550200097
0.0023981245367533234
-0.00065213286027295085
-0.022473103107201225
-0.0035170847554078448
-0.0031101942912159447
-0.0018693432042947711
0.0016215246741214448
-0.0011668103962703525
0.0070896733593897735
0.0026040347243183415
-0.01249108220498114
-0.0012115228913390796
-0.0014120946479683695
-3.2932527373244988e-05
-0.00076300112403992425
0.00013152730286357548
-0.00075464494990880849
-0.00042100891483926601
-0.0051240047598604
0.00067092275674164065
-0.012921977474893478
-0.0036873457998593306
-0.018881810675999289
-0.0050902815440150422
-0.0050413151127036922
-0.0010529116739094921
-0.019832796104407745
-0.006777606711280327
-0.013008723278746626
-0.0038430415199466588
-0.025362802204195757
-0.0079974952174084945
-0.0082185086172571272
-0.0026576708790062257
0.010713711283508143
0.010735724746185777
0.010130473352807103
0.006814136177980951
0.011130106747840557
0.0011523012014090183
-0.0090890973828463468
-0.0094783978199591723
-0.0015993351404563402
0.0039000481950876153
0.0039814100839281815
0.0032124177174107733
-0.0086465730704339574
-0.00023628782486694251
0.0097042911030208548
0.011823319186950954
0.0012276355811711923
-0.0001969751775351464
0.0025884030413379796
0.00053170945048048572
0.0010747887743665242
0.0055604274962011949
0.0056026381762650116
0.0058457590520063689
0.028860909212084138
0.026619196836783386
0.0096224214698844814
0.011705054904335555
0.011651513404964679
0.012181548489224326
0.012324467580339003
0.011507260963317754
-0.020623134884149374
-0.0057193661117530627
-0.0058463526526770865
-0.0012845675242887828
-0.027382040742167202
-0.0090284344962495837
-0.0088741728387250961
-0.0029153108372934764
-0.0014957143148886918
0.01079448937121924
0.010837134089494506
0.013739802643784644
0
0.01
0
0.01
-0.00060749513968599255
0.0077169356376921489
0.0077367817583273605
0.012780887233508855
0.0078922422240092535
0.0008379052864782824
0.0084536625932307919
0.00092712310538956846
-0.0058490042443954919
-0.016132272518990191
0.0041032500585551551
-0.0062567191537451598
-0.0019955497798312094
-0.0067192515572170399
-0.010579122350481809
-0.015106395890787437
-0.0047015148886297162
0.006688640324318298
0.0066487943346834937
0.0076845417419500408
0.0065886092228500065
-0.0016761519573083248
0.008239033933179831
0.00075564883234094631
-0.0046504194900591516
0.0069887991396750109
0.0068042888903372963
0.0075610278855862179
0.0031726211166750856
0.011217276482350133
0.010317724221952875
0.011968153245857061
-0.0017554597068676631
0.0078432121587331485
0.0076974236160293756
0.0091543085113914726
-0.011301425067629636
-0.0030297986691097177
-0.0018796491871917426
-0.00081145170630427117
0
0
0
0
-0.014668384871646137
-0.0036889414166769145
-0.0045323142565558472
-0.0009886998239131417
-0.011921945358482311
0.00044593623784016428
0.00076312802459840049
0.0025464010728871464
-0.012132945359794269
-0.00015905181180143699
-0.00056942999949253411
0.0012432885848768237
-0.0067150948055444358
0.002173424871760632
0.0022234481765463783
0.0042186619693527308
-0.0059847155421751245
-0.0038046205467702807
-0.0036138193238412366
-0.0027792197409715566
-0.0054400024383442915
0.0041318499210891011
0.004125607504440242
0.0057626004629715242
-0.011848958216253029
-0.0010696203126844165
-0.001028375692890306
0.0015466456274289488
0.009956228473732107
0.0026129207864361544
0.0085843847096176544
0.0022339653636871888
-0.017551818292762169
-0.0036745354710159611
-0.0093085718413581332
0.00088673722169151869
-0.013816623138440589
-0.0017775288189838725
-0.0016996782692752048
0.0012369480002991109
-0.011185814098039783
0.00038032252772522994
0.00033340564843757882
0.0027406117690295134
0.0098272354857109199
0.013245264646160894
0.012836882661031469
0.013405532246171302
0
0
0
0
0.014003871993852512
0.014624216995823239
0.014868396329430398
0.014870090793979532
-0.001769823403202178
0.0046792993873107556
0.0047159270734347262
0.005962252805617271
0.0093750147818984623
0.011609527304601722
0.011340840098940323
0.011733186663903454
-0.01826871492679186
-0.0044340967225440808
-0.0045667216237078324
-0.00059290166585236908
-0.020399939041760227
-0.0054131054966411414
-0.005425947750314641
-0.0010195555201987247
-0.010621937799786352
-0.0036911463746042388
-0.010409390965156385
-0.0027188333772443
-0.016895217981631267
-0.0057694274983099574
-0.011321270483703926
-0.0028304627774083822
0
0
0
0
-0.023079098176422333
-0.0073579351065401902
-0.0072284602309427902
-0.0023090714855768449
-0.0099889449011746547
-0.0026239049847322211
-0.010529902726986876
-0.0026487143432262225
-0.021396505283219237
-0.0058127768864463425
-0.0058547852152687015
-0.0014697546530153524
-0.015940081243490063
-0.00249721878123169
-0.0023181402095778022
0.0005023540356951595
-0.014603788211278901
-0.0015420476195646768
-0.0016566029042163046
0.0012031489724467525
-0.00044726108244818114
0.00055901191640606642
-0.0017600037172049991
0.0033328906943661735
0.0062958467349336654
0.10081966630819669
-0.1092210456707684
0.088633219133594044
-0.17109239894790581
0.1139304562111701
-0.030906433796931663
0.023799032461024799
-0.10205953436757569
0.08869762426941359
-0.031873093273877473
0.014258845029951624
0.0073833469459582894
0.04079149752220885
-0.44031772647611313
0.99847258960534899
-0.47907767361622994
0.76508455891716042
-0.21294968262358972
0.96663141964839728
0.0084576828052813884
-0.017147813761289479
-0.0080104194103484909
0.03872495415110011
-0.012803129541046337
0.0037248316244785937
-0.072776799811674183
0.72853335348779045
-0.20832491027740574
0.9598052253823017
-0.19314361240547197
0.51925111957449008
-0.25321617571828622
0.73882326228317866
-0.18934503558333537
0.52163660504238577
-0.21417700989201623
0.958843046656087
-0.23223222023843629
0.31033199311123302
-0.33603334888499135
0.27855461586495228
-0.15376648455544545
0.24218810579372368
-0.63801436736682979
0.7680908714182044
-0.47268795999463738
0.75762335682611462
-0.7494084749338933
1.0267110646731741
0.029447457360383351
0.073995663473774448
0.014041536400614702
0.092713284198444507
0.049275176575702758
0.22228747584251592
0.029451181431724242
0.070367910874283703
0.050978759995084058
0.2244397489426358
0.0058797556720157583
0.050898088200765996
0.0065194664352330252
0.22097437639272129
-0.00080716933574775141
0.042040556921012216
0.05974636616923411
0.23229393588953601
-0.0690177500323691
0.35755860568192565
-0.18677930007950651
0.5198166092963288
-0.16078316417602381
0.23008725173217597
0.0043381774945091264
0.22063139238401831
0.066639630904296173
0.22948155947619701
0.011372967306498589
0.50516681428906646
-0.1705095841283958
0.15709215521082866
-0.1568580471880054
0.24020083083392126
-0.33196879179752762
0.27860358318748928
-0.25120658216836599
0.73877957553137685
-0.21409322485845662
0.9647654639599772
-0.47780244371208293
0.76538939805466571
-0.38112031298125311
0.64806275197493601
-0.52823102606817493
0.57243342171547828
-0.28178744787785736
0.5428094407508501
-0.43362438711711893
0.40880681076384945
-0.34163234828831725
0.27636686368002501
-0.31959793133839633
0.38720754382102661
-0.41968373157072793
0.47567582147903528
-0.28094055651043319
0.54152414451682931
-0.529276314635354
0.57353882716265579
-0.21948000798148739
0.37320241045594138
-0.15910160481460126
0.23122503788808987
-0.19093289506698282
0.51945627958684903
-0.23186670042830837
0.31160304287421115
-0.15724102385060459
0.24114775331233928
-0.21979567655417428
0.37201392776609812
-0.0023088177913538695
0.0031522258610233199
0.011364514626342752
0.094088749300218887
0.001729342494537439
-0.0061635590683461773
0.02611341735266153
0.073526258218102021
0.00015466058121085234
-0.012979274288005023
0.01515735358133628
0.096861416418908623
0.025898665434643281
0.07084133447985685
0.0077691668270749695
0.050039530444217714
0.0019848581392375601
-0.013677889137433238
-0.00025391533560632891
-0.011809100240188843
0.0034272939557073098
-0.0050787803896619764
0.0038593955138414888
0.037310351632983318
-0.10674584461993705
0.082606640956293787
0.022654107258622419
0.047985304729673864
-0.14946479485961902
0.22731469381027224
-0.1720925919848469
0.16018566564146194
-0.10941564186828154
0.082269165916303614
-0.161659209996454
0.23254490874877781
-0.17305019504158159
0.15758743320632657
-0.17337307363569474
0.11433364255453376
-0.10654553393818443
0.09107510529831357
0.0019569528163436836
0.21986521063918332
-0.13695269159611848
0.23428149613444902
0.011036657120078923
0.041692902745712726
-0.072282243869521712
0.35515821681432439
-0.15172982591728289
0.23840978539202694
0.010170964299025343
0.22433429172369743
-0.068720164432565389
0.35800421602951674
0.0013960608543878341
0.21615354116169583
0.0034189320691872502
0.51381156528249523
-0.16996499983397798
0.1595251687414231
-0.33383881260298058
0.27194163271076302
-0.17301313134036268
0.10649530546604915
-0.42823334597200005
1.0034511942977749
-0.73390929202145415
1.0409306071048154
-0.47905274245593596
0.75135223991943123
-0.37966965667455383
0.64947014822589661
-0.28760646410520361
0.54055516767713449
-0.25244166637537832
0.73735699992241707
-0.38116192035911772
0.64860721048465789
-0.24787083359589779
0.74055567371422357
-0.48086136225593607
0.76529303660501625
-0.25323368147523898
0.73506467228557934
-0.28726145511395973
0.54181165437066819
-0.18817997088745795
0.53079558172430202
-0.63547154935793923
0.77266862499861143
-0.53767623388055411
0.56917416825917128
-0.48472364136976066
0.76027879016836241
-0.37886375967245676
0.64925699239568367
-0.48693285823322005
0.76070828513505353
-0.53516032611052992
0.56950386295995625
-0.22008695333516735
0.3692577043245299
-0.18907618617785109
0.53076510553655603
-0.28637259728839125
0.54185967101097172
-0.23204358543873723
0.3107914773635406
-0.21918712818863505
0.3743148327050669
-0.3173613667254871
0.389333705085796
-0.21802199630230647
0.37309510694774529
-0.28838228484323643
0.53776738356629745
-0.31913385542782928
0.3874247252598833
-0.075769811608600395
0.72511082865470635
-0.18136439242428079
0.52688096422008579
0.017417350285900637
0.5230399721016083
-0.071796123490331545
0.35474327632334981
0.013530558028348031
0.52238183740894797
-0.17684078828403856
0.52832498510909755
-0.23042440547792672
0.31075132409391137
-0.31982162850943762
0.38670457142360766
-0.34138123795275415
0.27717103468960693
-0.41939278741864561
0.47714188571039152
-0.53449324545872145
0.57152579040501443
-0.43598006088246053
0.40721214268058304
-0.41996934263554493
0.47646026293350972
-0.43498883695886784
0.40959744212562287
-0.31726267247241029
0.38946226445465695
-0.41778977315896462
0.4766087433042622
-0.31970390452807107
0.38666107133248404
-0.28735846709940887
0.53912918143052867
-0.034545205553576834
-0.0076221285371704867
-0.0052088434504942465
-0.055842435121851139
-0.0085845879326066103
-0.021336647354807359
-0.0016159466717211445
-0.018526446390130639
-0.028388249949004057
-0.002827927847139122
-0.0073617326216711611
-0.026783897477553292
-0.021254944902142283
-0.012109267737991588
-0.034942509709107349
-0.032875140720426173
-0.025154138860457871
-0.004733328494368049
-0.0049739007044024356
0.0032038981564483427
-0.011135920901860787
-0.015366850818019252
-0.014460824209692791
-0.020255314055765972
-0.032979906571624953
-0.031167217003520626
-0.031915169002389213
-0.037199874830960191
-0.023404142899394235
-0.021737626272262437
-0.029599545192400049
-0.026725898314939645
-0.02848334333771646
