2193
-0.00055566
-0.00045848
0.00097344
0.00072413
0
0
0
0
0
0
0
0
0.00018311
0.0047857
0.00013045
0.0067852
-0.005165
-9.0195e-05
-0.0021189
-0.00029819
0.00045964
-0.0063869
-0.0023345
-0.004437
0.00099152
0.0081654
0.0030805
0.0067616
0.00073748
0.0090013
0.00099271
0.010744
-0.00065818
0.00040942
0.0014118
-0.0010749
0.0065846
0.0075963
0.0079106
0.017221
0.0008615
0.00077213
0.0042925
0.0018083
-0.00054979
-7.7264e-05
0.00038344
-0.00016447
-0.0006692
0.0046134
0.0024004
0.0089834
0.00037711
-0.0027718
-0.0006469
-0.0030026
-0.00010522
0.004624
0.0021844
0.0024098
0.030127
-0.048917
-0.014375
0.0027181
-0.012049
0.012567
-0.0046678
0.0017033
0.029435
0.044395
-0.013449
-0.0020112
0.0049499
-0.0045439
0.0029083
-0.0069698
-0.009144
0.020995
-0.0035232
0.0047281
0.0092588
-0.0091342
0.003706
-0.0092692
0.00011783
-0.0054926
-7.3827e-05
-0.0062984
0
0
0
0
-0.00011567
-0.005429
0.0021085
-0.0024735
-0.0018916
-0.0015508
-0.00036686
-0.00053657
-0.0036318
-0.0099407
-0.0019996
-0.007734
0.0022573
-0.0005337
0.0038915
-0.0019791
0.0013177
0.0027212
0.0091033
0.0045134
-0.0020765
0.00054427
0.0011906
0.00065761
-0.00069373
-0.00095952
0.00010291
0.0005691
0.0034632
0.0053897
0.005804
0.0077259
-0.0045449
-0.015311
-0.0042075
-0.0099151
0.00049728
0.0012692
0.0037314
0.0028197
0.0043387
0.015064
-0.00017843
0.017786
-0.00094189
0.0012975
-0.00012396
-0.0003754
-0.0049041
0.016389
-0.0065029
0.0061631
0.0050689
0.003718
0.0022184
0.0075741
0.001452
-0.0015206
0.00055778
-0.0027565
-0.00043939
0.014138
-0.0019732
0.012594
0.0010491
-0.00066994
0.0044119
-0.0018755
-0.0038162
0.0094855
-0.0022957
0.0073186
0.0010683
-0.010666
0.00070866
-0.011217
-0.0023354
0.01145
7.4474e-05
0.0072085
-0.0010429
0.011699
-0.0010617
0.010178
-0.0015404
-0.0088122
-0.00019081
-0.0047847
-0.00047892
-0.0089715
3.5484e-05
-0.0073989
-0.00018543
0.0053604
0.00049899
0.006217
-4.67e-05
0.0092683
-0.0011354
0.0092723
4.2502e-05
0.0064126
0.0016297
0.0078643
-0.0032521
-0.0057672
-0.00055818
-0.0058651
-0.0040091
0.0098027
-0.00080873
0.013275
0.0003108
0.0093557
0.0017339
0.0067959
0.0091322
0.0090284
0.0038003
0.0095176
2.0205e-05
0.0095905
0.001288
0.0093704
0.0067918
0.0067664
0.0045911
0.0082856
-0.00071311
-0.0079921
0.001026
-0.0091654
0.00097904
0.010721
-6.0991e-05
0.010694
0.0010653
-0.0083827
0.0031113
-0.0068863
0.0008529
-0.0083736
-0.00068534
-0.0089567
0.0069134
-0.0070493
0.0045741
-0.008095
0.00047226
0.00015372
-5.4478e-05
0.00013275
0
0
0
0
0.00011485
0.00035361
0.0019643
0.0066707
4.7842e-05
0.00094431
0.00036994
-0.00069948
-0.005672
-0.020596
-0.016604
0.00040623
-0.0036374
-0.005528
0.019389
0.019824
0.0049989
0.016469
0.0061994
0.0067986
0.037838
-0.001186
0.0015326
-0.00037864
-0.0051459
0.019208
0.013984
0.025802
-0.0039231
-0.01015
-0.00068601
-0.012625
-0.0052541
-0.019614
0.013857
-0.02407
0.0010606
-0.0012666
-0.00030693
0.00062813
0
-0.078529
0
0
-0.0026665
0.0050597
0.018653
-0.018273
0.00036121
-0.00077094
0.00039246
7.8465e-05
-0.0027221
0.0058457
-9.6218e-05
0.0053244
-5.9151e-05
-0.0015064
0.002052
-0.0063846
-0.0033739
0.0045167
-0.0062138
0.0071501
-1.9049e-05
-0.0074774
0.0013901
-0.007633
-7.2662e-05
-0.0086266
0.0016743
-0.006401
-0.00033509
-0.008673
-0.0007981
-0.0089858
-0.0031101
0.0051107
-0.00044038
0.0060462
-0.0015498
0.0084383
-4.8864e-05
0.0047557
0.0053977
-0.0010554
0.0093024
-0.0012938
0.0049207
0.0047316
0.0029418
0.0067054
-0.00077985
-0.0045826
0.0023785
-0.0086106
0
0
0
0
-0.00022871
-0.0053895
0.00027271
-0.0064098
0.0025436
0.011773
-9.5339e-05
0.0074559
0.00027053
-0.0070954
0.00029264
-0.0061237
0.0009786
0.011002
0.0004834
0.0097796
0.0093993
0.021672
0.00347
0.0047912
-0.0025446
-0.010834
-0.001813
-0.010441
0
0
0
0
0.001101
0.0083856
-0.00024657
0.0068492
0.00059769
-0.00024704
-0.00034408
-0.0005188
-0.00041709
0.00043468
-0.00081168
0.0016454
0.00071034
0.00080222
-0.0012321
0.00099514
-0.00010495
0.014245
0.0019202
0.013256
2.7616e-05
-0.0070135
-0.0018014
-0.0079329
0.0009946
0.012186
0.00099205
0.010746
-0.00098176
-0.012112
0.00030164
-0.012498
-0.00098863
-0.010934
-0.00063389
-0.011407
0.0047327
-0.0031421
0.0038961
-0.0020019
0.005663
0.011283
-0.00027232
0.01433
-0.00088434
-0.0068519
0.0020132
-0.0041555
-0.0055162
-8.9955e-05
-0.0054576
-0.00013503
-0.0048639
0.0033321
-0.0020078
0.0080519
-0.00044069
0.0026541
-0.00082751
0.0016689
0.0036445
0.0011158
0.0022767
0.0025077
-0.0029895
-0.0062422
-0.0042555
-0.0099005
0.0028701
0.0061887
7.0322e-05
0.0037519
0.0054967
0.0072883
0.0031469
0.0035982
-0.0053783
-0.0010738
-0.0094114
-0.0012522
0.0013117
0.0084924
0.0043257
0.0083477
-0.00099865
-0.010752
-0.0018198
-0.010483
0.009697
-5.6345e-05
0.0054829
-7.2439e-05
0.0051643
0.00082691
0.0011857
0.00064552
0.0010815
-0.011661
0.00027804
-0.012496
0.00026564
0.0067432
-0.0020146
0.007586
0.002003
0.00088423
-0.0013066
0.00073178
-0.0022396
-0.00094979
-0.0039913
-0.0020242
0.00082412
-0.00055327
-0.0011929
-0.001063
-0.00101
0.01044
-5.5838e-05
0.010849
0.0013397
-0.0083823
0.0046489
-0.0083526
-0.0053174
0.0010462
-0.0013747
0.00073834
-4.9199e-05
0.0098358
-0.0014964
0.0092323
0.0011404
-0.010641
0.0018676
-0.01048
0
0
0
0
0.0061355
0.009443
0.0014471
0.00088002
-0.001352
-0.00074922
-0.00072779
-0.0029781
0.0012455
0.00064952
-0.00065469
-0.00028854
0.0017603
0.0071137
0.0047345
0.0033736
0
-0.085475
0
0
0.0032784
0.0010594
0.0044728
0.0027411
0.013394
0.013781
0.004063
0.0020524
-0.017306
-0.021752
0.00021169
-0.042068
0.0058675
0.011022
-0.0023342
0.0083922
-0.0043538
0.01418
-0.00010167
0.017793
0.0050465
-0.010489
-0.00019018
-0.013414
-0.0067217
0.0063079
-0.0074335
0.016183
-0.0049376
-0.0034409
-0.0039932
-0.0020444
0.0042864
-0.014168
0.0044565
-0.0088227
0.015933
-0.019837
0.00083022
-0.041717
-0.0034386
0.0001251
-0.0042215
0.0025848
-0.0057488
0.01076
0.0024266
0.0078765
0.0058784
-0.019017
0.016729
0.00037985
0.0012145
-0.0063128
0.0046696
-0.0041495
0
0
0
0
0.0054229
-0.0090412
0.0021493
-0.00088517
-0.00039452
0.0012822
-0.0044301
0.0022744
0.0010436
-0.0011503
2.2242e-05
0.00019006
0.0058173
-0.0062521
0.0028816
-0.0035227
0
0
0
0
-0.0037026
5.6054e-05
-0.0026305
0.0027062
-0.0005166
-0.0031452
0.00025923
-0.0027336
0.0005208
0.002571
0.00092644
0.0013576
0.0025834
-0.0063564
0.004498
-0.0083843
0.00041661
0.0002289
0.00089223
0.0013297
0.0010452
-0.0081661
-0.00037684
-0.006329
-0.00025507
0.0087082
-0.0010589
0.010172
9.946e-05
-0.0086593
-3.7234e-05
-0.0080215
0.00098645
-0.010707
0.00012514
-0.0095522
-0.0013965
0.0025577
-0.0090097
0.0045059
0.00053254
0.0069429
0.00035376
0.0061614
0.0023463
-0.010629
0.0018613
-0.010449
0
0
0
0
0.0019466
-0.0015354
0.00041836
-0.0001919
-0.00075792
-0.0016688
-0.0015422
-0.010564
0
0
0
0
-0.00028368
-0.00031048
-0.00050062
-0.0085844
-0.0012065
-0.0010184
-0.00097991
-0.010331
-0.00030287
0.0073041
0.00049269
0.0098373
-0.0005383
-0.00043587
-0.0005643
-0.0094317
-0.00010829
-0.00054082
-0.00057033
-0.010074
9.8083e-05
-0.00016306
-9.9269e-05
-0.0087269
-0.0058806
-0.0054816
-0.0048189
-0.011984
0.0022069
0.0099609
0.0056614
0.0090324
-0.007043
-0.0033473
-0.0039751
-0.0099107
-0.0027042
-0.0015846
-0.0016122
-0.010694
0.0096528
0.0031653
0.004279
0.0017873
-0.0055872
-0.0025262
-0.0025399
-0.010293
-0.0034243
-0.0012113
-0.0012707
-0.010824
-0.0063478
-0.0019492
-0.0018237
-0.010276
9.8148e-05
-0.00020809
-0.00023413
-0.0077128
0
0
0
0
7.5583e-05
-5.9753e-05
-6.0402e-05
-0.0079837
0.00033744
-0.00081182
-0.00075792
-0.0078127
0.0025009
0.010593
0.001659
0.0079315
0.001109
-0.0015057
-0.0015107
-0.0090847
0.00035896
-0.0013988
-0.0014402
-0.0067797
0.0011098
-0.0023202
-0.0023509
-0.0084938
0.00053599
-0.00082744
-0.00085898
-0.010267
-0.002425
0.002295
-0.0012335
0.00099641
0.0012368
-0.0013327
-0.0013015
-0.010065
0.00069157
-0.00092141
-0.00088598
-0.011218
0.0020862
-0.0014062
-0.0014485
-0.011248
0.0037966
-0.00089979
-0.0007953
-0.012991
0.0025544
0.010489
0.0019226
0.01321
0.0029231
-0.0017103
-0.0017095
-0.012093
0.0047312
-0.0015874
-0.0018014
-0.014378
0.0036573
-0.0026704
-0.0026508
-0.012589
0.0030434
-0.00026206
-0.00021709
-0.01286
0.0010436
-5.2562e-05
-0.0021662
-0.00029674
0.0011851
-0.00016682
-0.000215
-0.011989
0.0031497
0.00056632
0.00053046
-0.012554
0.0010578
0.00045175
0.00050737
-0.011982
-4.7255e-05
-0.00073919
-0.00069784
-0.011368
0.00019286
-0.011633
-0.00063635
-0.011431
-0.00010514
-0.00029035
-0.00035636
-0.011827
-0.0024055
-0.00084937
-0.00085858
-0.011107
-0.0025545
-0.00041693
-0.0004026
-0.01121
0.0020196
-0.0053209
-0.0052922
-0.011443
0.0024362
-0.0025401
0.0019172
-0.0041482
0.0026722
-0.003691
-0.0037379
-0.011796
0.00045303
-0.0045677
-0.0044278
-0.0081909
0.0016303
-0.0033523
-0.0033736
-0.0089445
0.0054854
-0.0011616
-0.0013356
-0.015601
-0.0063724
6.4037e-05
-0.0053041
-0.00013154
0.0053683
-0.001794
-0.0016191
-0.018735
0.0054326
0.0013
0.0014745
-0.015412
0.0055064
0.0018437
0.0016729
-0.018362
0.0018159
-0.0065814
-0.0063247
-0.013917
0.001154
0.026394
0.0078111
0.017874
0.0042624
-0.004829
-0.0042895
-0.019072
-0.0018272
-0.008504
-0.0088961
-0.013238
0.0016327
-0.0067281
-0.0076244
-0.023245
7.3042e-05
-0.00092692
-0.00093053
-0.0054933
0
0
0
0
3.0699e-05
-0.0010817
-0.0010343
-0.0034802
-0.00020415
-0.0038282
-0.0038288
-0.0057349
-0.00041802
0.00046557
0.0030886
0.0036816
-0.00028341
-0.0019363
-0.0019419
-0.0036031
-0.0017533
-0.0032645
-0.0031127
-0.0037939
-0.0003313
-0.0013252
-0.0013152
-0.0016947
-0.0081249
-0.00076819
-0.00080754
-0.0098683
0.0024135
0.0092066
0.0012629
0.0094022
-0.0080678
-0.0017021
-0.0016472
-0.0098464
-0.0068979
-0.00028929
-0.00027541
-0.010347
0.0013671
-0.00010898
0.0054575
-6.955e-05
-0.0040679
-0.00026792
-0.00025954
-0.011054
-0.0068795
0.00037898
0.00038196
-0.0104
-0.0040637
0.00035204
0.00034357
-0.010982
-0.0002492
0.00091511
0.00087435
-0.011165
0.0002244
-0.011677
0.00070897
-0.011217
-9.5128e-05
0.00059369
0.00065573
-0.011559
-0.0025061
0.00099111
0.0010114
-0.010883
-0.0027729
0.00063797
0.00063144
-0.011168
0.0037295
0.0012324
0.0011399
-0.012677
-0.0026542
0.0094385
-0.0019741
0.012553
0.0031197
0.0019336
0.0019131
-0.01125
0.0049727
0.0019008
0.0021266
-0.013715
0.0036827
0.0028454
0.0028262
-0.011848
0.00072497
0.00086248
0.00085102
-0.010656
-0.0025198
-0.0020321
-0.0011874
-0.0010664
0.0019596
0.001369
0.0013835
-0.010704
0.00038559
0.00061951
0.00065602
-0.0099584
0.0013583
0.0010854
0.0010642
-0.0093799
-0.0081426
0.00082753
0.0008722
-0.0098203
-0.0022671
0.0095167
-0.0013136
0.0090068
-0.0079754
0.0017248
0.001606
-0.0096872
-0.0036317
0.0012387
0.0012845
-0.010769
0.009724
-0.0031055
0.0044035
-0.001842
-0.0064761
0.0020354
0.0019244
-0.010306
-0.0027692
0.0014869
0.0015012
-0.010522
-0.0056741
0.0024758
0.0025258
-0.010297
-0.00022764
-2.1521e-05
6.4999e-05
8.5991e-05
0
0
0
0
-0.00025693
-0.00025726
-0.00041957
-0.0002026
6.4999e-05
9.5804e-05
-4.3711e-05
-0.00012485
0
0
0
0
-0.0002195
-0.00056548
-0.00024078
-0.00054624
-0.0026813
-0.0034875
-0.0037151
-0.0034432
-0.00055353
0.0013781
0.005373
0.0030342
-0.0019466
-0.0015641
-0.0012025
-0.0013772
-0.004521
-0.0067974
-0.0079511
-0.0081485
-0.006282
-0.0062221
-0.0042887
-0.0022126
-0.021627
-0.012162
-0.0086672
-0.034076
0
0
0
0
-0.0057107
-0.0041239
-0.0072494
-0.0024799
-0.012116
-0.0080103
-0.0041091
-0.043937
-0.0073046
0.00021769
0.0027083
-0.00041308
0.00070895
-0.0048474
-0.0057073
-0.030255
-0.012095
0.008082
0.0043245
-0.041841
0.00031063
0.0047996
0.0055458
-0.029837
0.0022907
0.0066061
0.0063184
-0.012581
-0.0015152
0.026377
-0.0073294
0.016787
0.0042359
0.0048305
0.0043241
-0.018533
-0.001727
0.0082559
0.0086247
-0.012302
0.0018745
0.0066662
0.0075644
-0.022148
0.0021434
0.0052088
0.00514
-0.010479
-0.0025843
-0.0020743
-0.002232
-0.0044268
0.0031059
0.003519
0.0036433
-0.010484
0.0010038
0.0044511
0.0042591
-0.007069
0.0016773
0.0030657
0.0031877
-0.0082888
-0.021412
0.011461
0.0082995
-0.031567
0
0
0
0
-0.0062789
0.0038273
0.0068334
-0.0022749
-0.0039878
0.006458
0.0075982
-0.00692
0.00064417
-0.00062262
0.0052463
-0.0038179
-0.0067399
0.0059052
0.0041007
-0.002164
-0.0028431
0.0034773
0.0037598
-0.0033433
-0.0019503
0.0016115
0.001323
-0.00079597
-4.5015e-05
0.00011435
0.00035159
-7.4229e-05
0
0
0
0
-0.00085525
0.00090446
0.00045865
-0.0007286
-0.00031768
0.00012329
4.5015e-05
-0.00012707
0
0
0
0
-0.00016286
0.00042042
0.00052556
-0.0006835
-0.0012872
0.0036037
0.0034288
-0.0031687
0.00025169
-0.0016718
0.002824
-0.0035986
-0.00058356
0.0016196
0.0016942
-0.0022267
-0.0001079
0.0040172
0.0039675
-0.0055824
0.00019757
0.0021124
0.0021647
-0.0037182
8.6598e-05
0.00078252
0.00088491
-0.0062826
0
0
0
0
-5.9957e-05
0.0010612
0.00091155
-0.0044335
0.00043424
0.0012427
0.0012774
-0.0070599
0.0023637
-0.0095764
0.0013487
-0.0077539
0.0013046
0.002184
0.0022004
-0.0079372
0.00037439
0.00061632
0.00056109
-0.0079296
0.0011145
0.0013024
0.0013062
-0.0087033
6.7956e-05
8.2645e-05
7.6286e-05
-0.0081495
0
0
0
0
9.5405e-05
-0.00013516
-8.7074e-05
-0.0081009
-0.00010845
0.00036115
0.00037615
-0.0097108
-0.00024329
-0.0073074
0.00013916
-0.0096227
2.8731e-05
-2.4276e-05
-8.9414e-05
-0.0086907
-0.0013682
0.00087182
0.00085265
-0.010169
-0.00050181
0.00030025
0.00043766
-0.0091906
-0.0057861
0.005375
0.0047109
-0.011669
-0.0022597
0.01003
-0.0056691
0.0089335
-0.0070802
0.0033172
0.0039244
-0.0098381
-0.00075542
0.0015748
0.0014842
-0.010197
0
0
0
0
-0.0003428
0.00024237
0.000386
-0.0083798
-0.00083922
0.0096082
-0.00022675
0.0098863
-0.00054218
0.0099224
3.7328e-05
0.010044
-0.00060335
0.0098756
-9.823e-05
0.0099707
-0.00019581
0.0088585
-0.00021198
0.0093273
-0.00067841
0.0088628
0.0008782
0.0096567
0.00059197
0.0099356
0.00031048
0.0099223
-0.00066508
0.0093071
-0.00067223
0.0088658
-0.00021552
0.0093203
0.00053913
0.0087066
0.0010509
0.0087056
0.00055694
0.0092307
5.223e-05
0.010053
0.00018298
0.010005
0.00065406
0.0098904
0.0010399
0.00921
0.00055706
0.0092142
0.0010415
0.0087151
-0.00036791
0.0087339
-0.00038086
0.0092422
0.00017628
0.0086067
6.5204e-05
0.0092072
6.5921e-05
0.0087006
-0.00041306
0.0092269
-0.00038391
0.0087415
0.00020449
0.0085782
-0.0004209
0.0081538
0.00014185
0.0078969
-0.00052768
0.0081087
0.00010149
0.0085532
0.00016292
0.0078998
7.6054e-05
0.0085522
0.00082269
0.0080016
0.00057164
0.0087083
0.00070925
0.0081367
-5.7673e-06
0.0086008
5.4172e-05
0.0092089
0.00052637
0.0092022
0.00010667
0.0087069
0.00055989
0.0086992
2.7412e-05
0.0086338
0.00045758
0.0091945
-0.001315
0.0095411
-0.0010638
0.0094676
-0.0012677
0.0093014
-0.001032
0.0091882
-0.0012765
0.0093166
-0.0010553
0.0094574
-0.0010368
0.0091784
-0.0010374
0.008948
-0.0012624
0.0093418
-8.8889e-06
0.010008
2.3726e-05
0.010009
-0.00012922
0.0099425
1.2031e-06
0.0099216
-0.00012877
0.0099209
1.2987e-05
0.010019
-2.252e-07
0.0099204
-1.8459e-05
0.010023
0.00013044
0.009932
-0.0012144
0.0091437
-0.0012547
0.009317
-0.0010473
0.0089764
-4.4913e-05
0.0067926
-0.00093494
0.0070479
0.0001949
0.004565
0.00016404
0.0058196
0.00029847
0.0048247
-0.00079932
0.0068408
0.00025123
0.0058036
0.0011787
0.0066445
0.00030685
0.0048566
0.00056694
0.006627
0.00038918
0.0046392
0.0012947
0.006835
0.0013987
0.0089508
0.001211
0.0088508
0.0013938
0.0091529
0.0011624
0.0090629
0.0014006
0.0091759
0.0012012
0.0088255
0.0011587
0.0090691
0.0011806
0.0093366
0.001412
0.0091624
9.7673e-06
0.010008
0.0001333
0.0099456
-2.1767e-05
0.010007
0.0014494
0.0094074
0.0014029
0.0091497
0.0011903
0.0093445
-0.00079174
0.0095741
-0.00055416
0.0098567
-0.00049884
0.0096623
-0.00031692
0.0099182
-0.00054528
0.0096656
-0.00055216
0.0098626
-0.00090947
0.0097011
-0.00060354
0.009695
-0.00097793
0.0093945
-0.00069414
0.0093395
-0.0010317
0.0093953
-0.00064258
0.0096807
-0.00068831
0.0093367
-0.00065778
0.009698
-0.00030284
0.0092315
-0.00026339
0.0096612
-0.00033
0.0092973
-0.00060096
0.0096581
-0.00084476
0.008593
-0.00039717
0.0080743
-0.00095725
0.0082131
-0.00055051
0.0075129
-0.00099554
0.0082479
-0.00041728
0.0080567
-0.00085269
0.0085709
-0.00092395
0.0082828
-0.0011269
0.0090481
-0.00099276
0.0088673
-0.0010428
0.009033
-0.00083331
0.008334
-0.00033119
0.0099153
-0.00012066
0.0099143
-0.00050541
0.0096727
-0.00027423
0.0096632
-0.00056302
0.0096566
-0.00018166
0.0099256
0.00031951
0.0096446
0.0006442
0.0095963
0.00045646
0.0092924
0.00078456
0.0092926
0.00041569
0.0092675
0.00068546
0.0096371
0.0002777
0.0096964
0.00013696
0.0099489
0.00055766
0.0096603
0.00035755
0.0099113
0.00055003
0.0096767
0.00015498
0.0099281
-0.00094746
0.008905
-0.0008694
0.0083077
-0.00073038
0.0088532
-0.00069509
0.0082291
-0.00070537
0.0089517
-0.00092597
0.0082744
-0.0007338
0.0082269
-0.00091868
0.0083396
-0.00065203
0.0070898
-0.0005534
0.007433
-0.0006465
0.0070163
-0.00092651
0.008375
0.00092457
0.0074437
0.00072526
0.0079602
0.0013443
0.0081295
0.0010989
0.0084859
0.0012466
0.0081297
0.0006791
0.0080287
0.00096655
0.0073882
0.0013032
0.0082619
0.0010861
0.0069977
0.0011214
0.0080439
0.0010593
0.0069697
0.0012985
0.0081256
0.0010775
0.0080105
0.0013015
0.0080597
0.0010769
0.0087281
0.0012972
0.0087145
0.0011229
0.0086674
0.0012136
0.0081179
0.0012969
0.0086835
0.0011509
0.0081906
0.0012955
0.0088524
0.0010428
0.0084198
0.0013031
0.0088786
0.001131
0.0081669
0.00078929
0.0092987
0.00067129
0.0096257
0.0011119
0.0092543
0.00089916
0.0096174
0.00097115
0.0093215
0.0006012
0.0096368
0.00035193
0.0098942
0.00058093
0.0098775
0.00052843
0.0096512
0.00078989
0.0095963
0.00051254
0.0096545
0.00060317
0.00987
-0.00081237
0.0096231
-0.00054059
0.009869
-0.0010826
0.0093839
-0.00079583
0.0095716
-0.0010684
0.0093955
-0.0005503
0.009852
-0.00091008
0.0096902
-0.00098441
0.0094057
-0.0011847
0.0096175
-1.6136e-05
0.010018
3.5929e-05
0.010017
-0.00050803
0.0098986
-0.00033273
0.0099165
-0.00050668
0.0098793
-2.4834e-06
0.010044
-0.00031525
0.0099202
-5.7891e-05
0.010033
-0.00016979
0.009911
-0.0012394
0.0093687
-0.0011812
0.0096139
-0.00098487
0.0094088
-0.0010474
0.0091735
-0.0010039
0.0094787
-0.00072339
0.0090166
-0.0010474
0.0091843
-0.00073449
0.00898
-0.0011201
0.0089037
-0.00068944
0.0093308
-0.00075398
0.0089629
-0.0010342
0.0094166
-0.00069262
0.0093428
-0.00027824
0.0092086
-0.00074215
0.008936
-0.00037938
0.0087455
-0.0008486
0.0089366
-0.00035747
0.0092228
-0.00037876
0.0087316
-0.00044737
0.0082009
-0.00087047
0.0089724
4.9472e-05
0.0092082
-0.00037894
0.0092257
4.3409e-05
0.009611
6.3966e-05
0.0092114
7.3827e-06
0.0096126
0.00048608
0.0091964
-0.00027551
0.0096619
7.2647e-05
0.0096217
-0.0002916
0.0092891
-0.00025966
0.0096624
-0.00022332
0.0099232
3.0765e-05
0.0096248
-0.00085124
0.0085735
-0.00079254
0.0090007
-0.00038765
0.0081466
-0.00084491
0.0085921
-0.0011558
0.0089982
-0.00080243
0.0089474
0.00015801
0.0078915
0.00017081
0.0071179
-0.00056557
0.0081282
0.00014996
0.0078921
0.0008651
0.0080279
0.00023335
0.0071234
-0.00054989
0.0074587
-0.00040917
0.0081381
0.00021691
0.0070297
-0.00053753
0.0074862
0.00025779
0.0068705
-0.0006855
0.0067935
-0.0012087
0.0091511
-0.0010804
0.0089553
-0.0011336
0.0090594
-0.00097909
0.0088885
-0.0010636
0.0092413
-0.0010804
0.0090137
-0.00095905
0.0088968
-0.00069253
0.0088566
-0.0010209
0.0093166
7.751e-06
0.010008
-0.00017914
0.0099412
-2.5148e-05
0.010009
1.8056e-05
0.0099216
7.8704e-06
0.0096931
-0.00017857
0.0099204
-1.8567e-05
0.0099189
0.00017604
0.0099359
-1.6748e-05
0.0096921
0.0003315
0.0096486
0.00041952
0.0092858
-1.0219e-05
0.0096381
0.00026405
0.0096943
-1.5338e-05
0.0096805
0.00017674
0.0099468
0.00057093
0.0087081
0.00043452
0.0091661
0.0010196
0.0088199
0.00056654
0.0086931
0.0010349
0.0088591
0.00073456
0.0081826
0.0007921
0.0092987
0.00091056
0.0089123
0.00039843
0.0092449
0.00078894
0.009291
0.0011181
0.0092733
0.00092008
0.0089428
-7.073e-06
0.010009
2.5014e-05
0.010007
0.00017994
0.0099458
0.00034115
0.0099166
0.00020029
0.0099236
5.7163e-05
0.010028
0.00036879
0.009893
7.5396e-05
0.010022
0.00053901
0.0098929
-0.00067116
0.0093035
-0.0010304
0.0092941
-0.00067363
0.0088781
-0.00019209
0.0088562
-0.00069079
0.0088656
-0.00018098
0.0082871
-0.00067493
0.0082524
-0.00015453
0.00829
-0.00066002
0.0089432
-0.00069177
0.0082515
-0.00077014
0.0070742
-0.0001507
0.0083878
-2.2221e-05
0.0069897
-8.3938e-05
0.0085777
-0.0009523
0.0069408
0.00019706
0.0059157
-0.00074887
0.0066628
0.00025857
0.006913
0.00028052
0.0059269
0.00028329
0.0069102
0.0011875
0.0067235
0.00092523
0.0073956
0.00017635
0.007014
0.00071814
0.0080556
0.00095186
0.0074371
0.0011258
0.0067747
0.00017169
0.0068582
0.0010969
0.0084671
0.00065928
0.0080986
0.0010105
0.0088665
0.0010384
0.0084353
0.0010448
0.0087722
0.0013321
0.0088472
0.00038127
0.006929
0.0013517
0.0068519
0.00040058
0.0085287
0.0010806
0.0080653
0.00057546
0.0082046
0.0011777
0.0069586
0.0010571
0.008034
0.00103
0.0087134
0.00056923
0.0081082
0.00053984
0.008691
0.0005619
0.0081019
0.0010494
0.0086912
0.0010551
0.0092067
0.0010424
0.0087269
0.0014437
0.0092104
0.0013091
0.0087136
0.0013717
0.0091395
0.0010824
0.0086673
0.0012836
0.0087071
0.0013297
0.0088447
0.0014016
0.0090163
0.0014792
0.0091034
0.0013924
0.0089706
0.0013285
0.0088836
0.0012197
0.0090814
0.0012399
0.008809
0.00091908
0.0088315
0.0012224
0.0090731
0.00091194
0.0088606
0.0012609
0.0093701
0.0014527
0.0094057
0.0011938
0.0093483
0.0015207
0.0096576
0.0008995
0.0096082
0.0011678
0.0095096
0.00097748
0.0093281
0.00079393
0.0095964
0.00059852
0.0098689
0.0010663
0.0094492
0.00010422
0.010028
0.00056142
0.0099126
5.5159e-05
0.0099988
0.00084994
0.0096711
0.0010789
0.009437
0.00058747
0.0098842
-0.0069521
-0.0035199
0.0035357
0.0066414
-4.8174e-05
0.00040877
0.0003405
5.7116e-05
-0.00016114
-0.00095272
0.0036305
-0.0013912
0.00037461
-0.00075004
0.00097653
-0.001337
-0.00022407
0.0024276
0.0054363
0.000574
-0.0036479
-0.00061633
-0.0011413
0.001282
0.0013469
-0.0019164
0.00053786
0.00012114
0.0018004
0.0018934
-0.00066988
-3.5602e-05
0.00039039
0.0044594
0.0075941
-0.0007197
-0.0055511
-0.003181
-0.00053042
0.00044672
0.0015818
-0.0028203
-0.0007897
-0.0017265
-0.0010667
0.00051138
0.0008262
0.00015352
0.00052906
0.00018228
-0.00016785
0.0015664
0.00043071
0.0014657
0.00052289
0.0023586
-0.00063006
-0.00027781
0.00038956
0.00016913
0.00048166
0.00061873
0.00064433
0.0033597
0.0043501
0.005613
0.026192
0.0012176
-0.0014221
-0.0019103
-0.023063
-0.0058444
-0.0051348
-0.0039256
-0.0024742
-0.00018591
-0.00056716
-0.00054367
0.000917
0.0015425
0.0024146
