
77.44 100 7744 0.0129131 0.236541 0.0222695 0.236853 0.0223464 2.5964e-06 0.0647248 2.10955 0.236533 0.0222688 0.236846 0.0223457 2.59639e-06 0.0647248 2.10958 
77.44 100 7744 0.0129131 0.236541 0.0222695 0.236853 0.0223464 2.59628e-06 0.0647248 2.10952 0.236533 0.0222688 0.236846 0.0223457 2.59627e-06 0.0647248 2.10955 
77.44 100 7744 0.0129131 0.236541 0.0222695 0.236853 0.0223464 2.59522e-06 0.0647248 2.10925 0.236533 0.0222688 0.236846 0.0223457 2.59521e-06 0.0647248 2.10927 
77.44 100 7744 0.0129131 0.236541 0.0222695 0.236853 0.0223464 2.58469e-06 0.0647248 2.10654 0.236533 0.0222688 0.236846 0.0223457 2.58468e-06 0.0647248 2.10657 
77.44 100 7744 0.0129131 0.23654 0.0222695 0.236853 0.0223464 2.48595e-06 0.0647248 2.0801 0.236533 0.0222688 0.236845 0.0223457 2.48594e-06 0.0647248 2.08013 
77.44 100 7744 0.0129131 0.236538 0.0222692 0.23685 0.0223461 1.88747e-06 0.064725 1.86785 0.236533 0.0222688 0.236845 0.0223457 1.88746e-06 0.064725 1.86787 
77.44 100 7744 0.0129131 0.236534 0.0222689 0.236847 0.0223458 8.71394e-07 0.0647254 1.23197 0.236533 0.0222688 0.236845 0.0223457 8.71392e-07 0.0647254 1.23197 
77.44 100 7744 0.0129131 0.236533 0.0222688 0.236845 0.0223457 2.35306e-07 0.0647256 0.800769 0.236532 0.0222688 0.236845 0.0223457 2.35306e-07 0.0647256 0.80077 
77.44 1000 77440 0.0129131 0.236533 0.0222688 0.236846 0.0223457 2.59647e-07 0.0647255 2.10958 0.236532 0.0222687 0.236845 0.0223456 2.59647e-07 0.0647255 2.10959 
77.44 1000 77440 0.0129131 0.236533 0.0222688 0.236846 0.0223457 2.59646e-07 0.0647255 2.10958 0.236532 0.0222687 0.236845 0.0223456 2.59645e-07 0.0647255 2.10958 
77.44 1000 77440 0.0129131 0.236533 0.0222688 0.236846 0.0223457 2.59635e-07 0.0647255 2.10955 0.236532 0.0222687 0.236845 0.0223456 2.59635e-07 0.0647255 2.10956 
77.44 1000 77440 0.0129131 0.236533 0.0222688 0.236846 0.0223457 2.59529e-07 0.0647255 2.10928 0.236532 0.0222687 0.236845 0.0223456 2.59529e-07 0.0647255 2.10929 
77.44 1000 77440 0.0129131 0.236533 0.0222688 0.236846 0.0223457 2.58476e-07 0.0647255 2.10658 0.236532 0.0222687 0.236845 0.0223456 2.58476e-07 0.0647255 2.10658 
77.44 1000 77440 0.0129131 0.236533 0.0222688 0.236846 0.0223457 2.48601e-07 0.0647255 2.08014 0.236532 0.0222687 0.236845 0.0223456 2.48601e-07 0.0647255 2.08014 
77.44 1000 77440 0.0129131 0.236533 0.0222688 0.236845 0.0223457 1.8875e-07 0.0647255 1.86788 0.236532 0.0222687 0.236845 0.0223456 1.8875e-07 0.0647255 1.86788 
77.44 1000 77440 0.0129131 0.236532 0.0222687 0.236845 0.0223456 8.71397e-08 0.0647256 1.23197 0.236532 0.0222687 0.236845 0.0223456 8.71397e-08 0.0647256 1.23198 
77.44 10000 774400 0.0129131 0.236532 0.0222687 0.236845 0.0223456 2.59647e-08 0.0647256 2.10959 0.236532 0.0222687 0.236845 0.0223456 2.59647e-08 0.0647256 2.10959 
77.44 10000 774400 0.0129131 0.236532 0.0222687 0.236845 0.0223456 2.59647e-08 0.0647256 2.10959 0.236532 0.0222687 0.236845 0.0223456 2.59647e-08 0.0647256 2.10959 
77.44 10000 774400 0.0129131 0.236532 0.0222687 0.236845 0.0223456 2.59646e-08 0.0647256 2.10959 0.236532 0.0222687 0.236845 0.0223456 2.59646e-08 0.0647256 2.10959 
77.44 10000 774400 0.0129131 0.236532 0.0222687 0.236845 0.0223456 2.59636e-08 0.0647256 2.10956 0.236532 0.0222687 0.236845 0.0223456 2.59636e-08 0.0647256 2.10956 
77.44 10000 774400 0.0129131 0.236532 0.0222687 0.236845 0.0223456 2.5953e-08 0.0647256 2.10929 0.236532 0.0222687 0.236845 0.0223456 2.5953e-08 0.0647256 2.10929 
77.44 10000 774400 0.0129131 0.236532 0.0222687 0.236845 0.0223456 2.58477e-08 0.0647256 2.10658 0.236532 0.0222687 0.236845 0.0223456 2.58477e-08 0.0647256 2.10658 
77.44 10000 774400 0.0129131 0.236532 0.0222687 0.236845 0.0223456 2.48602e-08 0.0647256 2.08014 0.236532 0.0222687 0.236845 0.0223456 2.48602e-08 0.0647256 2.08014 
77.44 10000 774400 0.0129131 0.236532 0.0222687 0.236845 0.0223456 1.8875e-08 0.0647256 1.86788 0.236532 0.0222687 0.236845 0.0223456 1.8875e-08 0.0647256 1.86788 
77.44 100000 7.744e+06 0.0129131 0.236532 0.0222687 0.236845 0.0223456 2.59648e-09 0.0647256 2.10959 0.236532 0.0222687 0.236845 0.0223456 2.59648e-09 0.0647256 2.10959 
77.44 100000 7.744e+06 0.0129131 0.236532 0.0222687 0.236845 0.0223456 2.59648e-09 0.0647256 2.10959 0.236532 0.0222687 0.236845 0.0223456 2.59648e-09 0.0647256 2.10959 
77.44 100000 7.744e+06 0.0129131 0.236532 0.0222687 0.236845 0.0223456 2.59647e-09 0.0647256 2.10959 0.236532 0.0222687 0.236845 0.0223456 2.59647e-09 0.0647256 2.10959 
77.44 100000 7.744e+06 0.0129131 0.236532 0.0222687 0.236845 0.0223456 2.59646e-09 0.0647256 2.10959 0.236532 0.0222687 0.236845 0.0223456 2.59646e-09 0.0647256 2.10959 
77.44 100000 7.744e+06 0.0129131 0.236532 0.0222687 0.236845 0.0223456 2.59636e-09 0.0647256 2.10956 0.236532 0.0222687 0.236845 0.0223456 2.59636e-09 0.0647256 2.10956 
77.44 100000 7.744e+06 0.0129131 0.236532 0.0222687 0.236845 0.0223456 2.5953e-09 0.0647256 2.10929 0.236532 0.0222687 0.236845 0.0223456 2.5953e-09 0.0647256 2.10929 
77.44 100000 7.744e+06 0.0129131 0.236532 0.0222687 0.236845 0.0223456 2.58477e-09 0.0647256 2.10658 0.236532 0.0222687 0.236845 0.0223456 2.58477e-09 0.0647256 2.10658 
77.44 100000 7.744e+06 0.0129131 0.236532 0.0222687 0.236845 0.0223456 2.48602e-09 0.0647256 2.08014 0.236532 0.0222687 0.236845 0.0223456 2.48602e-09 0.0647256 2.08014 
77.44 1e+06 7.744e+07 0.0129131 0.236532 0.0222687 0.236845 0.0223456 2.59647e-10 0.0647256 2.10959 0.236532 0.0222687 0.236845 0.0223456 2.59648e-10 0.0647256 2.10959 
77.44 1e+06 7.744e+07 0.0129131 0.236532 0.0222687 0.236845 0.0223456 2.59648e-10 0.0647256 2.10959 0.236532 0.0222687 0.236845 0.0223456 2.59647e-10 0.0647256 2.10959 
77.44 1e+06 7.744e+07 0.0129131 0.236532 0.0222687 0.236845 0.0223456 2.59648e-10 0.0647256 2.10959 0.236532 0.0222687 0.236845 0.0223456 2.59647e-10 0.0647256 2.10959 
77.44 1e+06 7.744e+07 0.0129131 0.236532 0.0222687 0.236845 0.0223456 2.59647e-10 0.0647256 2.10959 0.236532 0.0222687 0.236845 0.0223456 2.59647e-10 0.0647256 2.10959 
77.44 1e+06 7.744e+07 0.0129131 0.236532 0.0222687 0.236845 0.0223456 2.59646e-10 0.0647256 2.10959 0.236532 0.0222687 0.236845 0.0223456 2.59646e-10 0.0647256 2.10959 
77.44 1e+06 7.744e+07 0.0129131 0.236532 0.0222687 0.236845 0.0223456 2.59636e-10 0.0647256 2.10956 0.236532 0.0222687 0.236845 0.0223456 2.59636e-10 0.0647256 2.10956 
77.44 1e+06 7.744e+07 0.0129131 0.236532 0.0222687 0.236845 0.0223456 2.5953e-10 0.0647256 2.10929 0.236532 0.0222687 0.236845 0.0223456 2.5953e-10 0.0647256 2.10929 
77.44 1e+06 7.744e+07 0.0129131 0.236532 0.0222687 0.236845 0.0223456 2.58477e-10 0.0647256 2.10658 0.236532 0.0222687 0.236845 0.0223456 2.58477e-10 0.0647256 2.10658 